construct	displayProcedureName	gene	genotype	parameterId	parameterName	procedureName	sex	significanceValue	mgiAccessionId
tm1a(EUCOMM)Wtsi	Haematology	N6amt2	Hom	IMPC_HEM_008_001	Platelets count	Haematology	Female	2	MGI:1915293
tm1a(EUCOMM)Wtsi	DSS Challenge	N6amt2	Hom	DSS_DSS_011_001	Average histology score	3i DSS Challenge	Female	2	MGI:1915293
tm1a(EUCOMM)Wtsi	Haematology	N6amt2	Hom	IMPC_HEM_005_001	Mean cell volume	Haematology	Male	2	MGI:1915293
tm1a(EUCOMM)Wtsi	Haematology	N6amt2	Hom	IMPC_HEM_004_001	Hematocrit	Haematology	Female	2	MGI:1915293
tm1a(EUCOMM)Wtsi	Haematology	N6amt2	Hom	IMPC_HEM_027_001	Red blood cell distribution width	Haematology	Male	2	MGI:1915293
tm1a(EUCOMM)Wtsi	Influenza	N6amt2	Hom	INF_BWT_001_001	Body Weight	Infection Challenge Weights	Male	2	MGI:1915293
tm1a(EUCOMM)Wtsi	Haematology	N6amt2	Hom	IMPC_HEM_001_001	White blood cell count	Haematology	Male	2	MGI:1915293
tm1a(EUCOMM)Wtsi	DSS Challenge	N6amt2	Hom	DSS_DSS_014_001	Pre-Day 10 Death	3i DSS Challenge	Male	2	MGI:1915293
tm1a(EUCOMM)Wtsi	Haematology	N6amt2	Hom	IMPC_HEM_005_001	Mean cell volume	Haematology	Female	2	MGI:1915293
tm1a(EUCOMM)Wtsi	Haematology	N6amt2	Hom	IMPC_HEM_019_001	Mean platelet volume	Haematology	Male	2	MGI:1915293
tm1a(EUCOMM)Wtsi	Influenza	N6amt2	Hom	INF_BWT_001_001	Body Weight	Infection Challenge Weights	Female	2	MGI:1915293
tm1a(EUCOMM)Wtsi	Haematology	N6amt2	Hom	IMPC_HEM_006_001	Mean corpuscular hemoglobin	Haematology	Male	2	MGI:1915293
tm1a(EUCOMM)Wtsi	Cytotoxic T Cell Function	N6amt2	Hom	MGP_CTL_001_001	% lysis	CTL assay	Female	1	MGI:1915293
tm1a(EUCOMM)Wtsi	Haematology	N6amt2	Hom	IMPC_HEM_027_001	Red blood cell distribution width	Haematology	Female	2	MGI:1915293
tm1a(EUCOMM)Wtsi	Homozygous Fertility	N6amt2	Mutant			Fertility of Homozygous Knock-out Mice	Both	2	MGI:1915293
tm1a(EUCOMM)Wtsi	Cytotoxic T Cell Function	N6amt2	Hom	MGP_CTL_001_001	% lysis	CTL assay	Male	1	MGI:1915293
tm1a(EUCOMM)Wtsi	Haematology	N6amt2	Hom	IMPC_HEM_002_001	Red blood cell count	Haematology	Male	2	MGI:1915293
tm1a(EUCOMM)Wtsi	Haematology	N6amt2	Hom	IMPC_HEM_001_001	White blood cell count	Haematology	Female	2	MGI:1915293
tm1a(EUCOMM)Wtsi	DSS Challenge	N6amt2	Hom	DSS_DSS_011_001	Average histology score	3i DSS Challenge	Male	2	MGI:1915293
tm1a(EUCOMM)Wtsi	Haematology	N6amt2	Hom	IMPC_HEM_002_001	Red blood cell count	Haematology	Female	2	MGI:1915293
tm1a(EUCOMM)Wtsi	Haematology	N6amt2	Hom	IMPC_HEM_019_001	Mean platelet volume	Haematology	Female	2	MGI:1915293
tm1a(EUCOMM)Wtsi	Haematology	N6amt2	Hom	IMPC_HEM_007_001	Mean cell hemoglobin concentration	Haematology	Male	2	MGI:1915293
tm1a(EUCOMM)Wtsi	Haematology	N6amt2	Hom	IMPC_HEM_006_001	Mean corpuscular hemoglobin	Haematology	Female	2	MGI:1915293
tm1a(EUCOMM)Wtsi	Haematology	N6amt2	Hom	IMPC_HEM_003_001	Hemoglobin	Haematology	Male	2	MGI:1915293
tm1a(EUCOMM)Wtsi	Haematology	N6amt2	Hom	IMPC_HEM_007_001	Mean cell hemoglobin concentration	Haematology	Female	2	MGI:1915293
tm1a(EUCOMM)Wtsi	Haematology	N6amt2	Hom	IMPC_HEM_008_001	Platelets count	Haematology	Male	2	MGI:1915293
tm1a(EUCOMM)Wtsi	Haematology	N6amt2	Hom	IMPC_HEM_004_001	Hematocrit	Haematology	Male	2	MGI:1915293
tm1a(EUCOMM)Wtsi	DSS Challenge	N6amt2	Hom	DSS_DSS_014_001	Pre-Day 10 Death	3i DSS Challenge	Female	2	MGI:1915293
tm1a(EUCOMM)Wtsi	Haematology	N6amt2	Hom	IMPC_HEM_003_001	Hemoglobin	Haematology	Female	2	MGI:1915293
tm1a(EUCOMM)Wtsi	Salmonella Challenge	N6amt2	Hom	SLM_SLM_016_001	Pre-Day 1 Death	Salmonella Challenge	Both	2	MGI:1915293
tm1a(EUCOMM)Wtsi	Homozygous viability at P14	N6amt2	Mutant	IMPC_VIA_001_001	Outcome	Viability Primary Screen	Both	2	MGI:1915293
tm1a(EUCOMM)Wtsi	Mesenteric Lymph Node	N6amt2	Hom	MGP_MLN_094_001	B1a cells - % of CD45+	Mesenteric Lymph Node Immunophenotyping	Male	2	MGI:1915293
tm1a(EUCOMM)Wtsi	Mesenteric Lymph Node	N6amt2	Hom	MGP_MLN_094_001	B1a cells - % of CD45+	Mesenteric Lymph Node Immunophenotyping	Female	2	MGI:1915293
tm1a(EUCOMM)Wtsi	Mesenteric Lymph Node	N6amt2	Hom	MGP_MLN_004_001	CD4+ T helper cells - % of CD4+	Mesenteric Lymph Node Immunophenotyping	Male	2	MGI:1915293
tm1a(EUCOMM)Wtsi	Mesenteric Lymph Node	N6amt2	Hom	MGP_MLN_004_001	CD4+ T helper cells - % of CD4+	Mesenteric Lymph Node Immunophenotyping	Female	2	MGI:1915293
tm1a(EUCOMM)Wtsi	Mesenteric Lymph Node	N6amt2	Hom	MGP_MLN_065_001	CD4+ T helper cells - % of CD45+	Mesenteric Lymph Node Immunophenotyping	Male	2	MGI:1915293
tm1a(EUCOMM)Wtsi	Mesenteric Lymph Node	N6amt2	Hom	MGP_MLN_065_001	CD4+ T helper cells - % of CD45+	Mesenteric Lymph Node Immunophenotyping	Female	2	MGI:1915293
tm1a(EUCOMM)Wtsi	Mesenteric Lymph Node	N6amt2	Hom	MGP_MLN_079_001	CD5+ gd T cells - % of CD45+	Mesenteric Lymph Node Immunophenotyping	Male	0	MGI:1915293
tm1a(EUCOMM)Wtsi	Mesenteric Lymph Node	N6amt2	Hom	MGP_MLN_079_001	CD5+ gd T cells - % of CD45+	Mesenteric Lymph Node Immunophenotyping	Female	0	MGI:1915293
tm1a(EUCOMM)Wtsi	Mesenteric Lymph Node	N6amt2	Hom	MGP_MLN_018_001	CD5+ gd T cells - % of gd T cells	Mesenteric Lymph Node Immunophenotyping	Male	0	MGI:1915293
tm1a(EUCOMM)Wtsi	Mesenteric Lymph Node	N6amt2	Hom	MGP_MLN_018_001	CD5+ gd T cells - % of gd T cells	Mesenteric Lymph Node Immunophenotyping	Female	0	MGI:1915293
tm1a(EUCOMM)Wtsi	Mesenteric Lymph Node	N6amt2	Hom	MGP_MLN_102_001	Early germinal centre B cells - % of CD45+	Mesenteric Lymph Node Immunophenotyping	Male	0	MGI:1915293
tm1a(EUCOMM)Wtsi	Mesenteric Lymph Node	N6amt2	Hom	MGP_MLN_102_001	Early germinal centre B cells - % of CD45+	Mesenteric Lymph Node Immunophenotyping	Female	0	MGI:1915293
tm1a(EUCOMM)Wtsi	Mesenteric Lymph Node	N6amt2	Hom	MGP_MLN_024_001	Effector CD4- NKT cells - % of CD4- NKT cells	Mesenteric Lymph Node Immunophenotyping	Male	2	MGI:1915293
tm1a(EUCOMM)Wtsi	Mesenteric Lymph Node	N6amt2	Hom	MGP_MLN_024_001	Effector CD4- NKT cells - % of CD4- NKT cells	Mesenteric Lymph Node Immunophenotyping	Female	2	MGI:1915293
tm1a(EUCOMM)Wtsi	Mesenteric Lymph Node	N6amt2	Hom	MGP_MLN_084_001	Effector CD4- NKT cells - % of CD45+	Mesenteric Lymph Node Immunophenotyping	Male	2	MGI:1915293
tm1a(EUCOMM)Wtsi	Mesenteric Lymph Node	N6amt2	Hom	MGP_MLN_084_001	Effector CD4- NKT cells - % of CD45+	Mesenteric Lymph Node Immunophenotyping	Female	2	MGI:1915293
tm1a(EUCOMM)Wtsi	Mesenteric Lymph Node	N6amt2	Hom	MGP_MLN_088_001	Effector CD4+ NKT cells - % of CD45+	Mesenteric Lymph Node Immunophenotyping	Male	2	MGI:1915293
tm1a(EUCOMM)Wtsi	Mesenteric Lymph Node	N6amt2	Hom	MGP_MLN_088_001	Effector CD4+ NKT cells - % of CD45+	Mesenteric Lymph Node Immunophenotyping	Female	2	MGI:1915293
tm1a(EUCOMM)Wtsi	Mesenteric Lymph Node	N6amt2	Hom	MGP_MLN_005_001	Effector CD4+ T helper cells - % of CD4+ T helper cells	Mesenteric Lymph Node Immunophenotyping	Male	2	MGI:1915293
tm1a(EUCOMM)Wtsi	Mesenteric Lymph Node	N6amt2	Hom	MGP_MLN_005_001	Effector CD4+ T helper cells - % of CD4+ T helper cells	Mesenteric Lymph Node Immunophenotyping	Female	2	MGI:1915293
tm1a(EUCOMM)Wtsi	Mesenteric Lymph Node	N6amt2	Hom	MGP_MLN_066_001	Effector CD4+ T helper cells - % of CD45+	Mesenteric Lymph Node Immunophenotyping	Male	2	MGI:1915293
tm1a(EUCOMM)Wtsi	Mesenteric Lymph Node	N6amt2	Hom	MGP_MLN_066_001	Effector CD4+ T helper cells - % of CD45+	Mesenteric Lymph Node Immunophenotyping	Female	2	MGI:1915293
tm1a(EUCOMM)Wtsi	Mesenteric Lymph Node	N6amt2	Hom	MGP_MLN_074_001	Effector CD8+ T cells - % of CD45+	Mesenteric Lymph Node Immunophenotyping	Male	2	MGI:1915293
tm1a(EUCOMM)Wtsi	Mesenteric Lymph Node	N6amt2	Hom	MGP_MLN_074_001	Effector CD8+ T cells - % of CD45+	Mesenteric Lymph Node Immunophenotyping	Female	2	MGI:1915293
tm1a(EUCOMM)Wtsi	Mesenteric Lymph Node	N6amt2	Hom	MGP_MLN_013_001	Effector CD8+ T cells - % of CD8+	Mesenteric Lymph Node Immunophenotyping	Male	2	MGI:1915293
tm1a(EUCOMM)Wtsi	Mesenteric Lymph Node	N6amt2	Hom	MGP_MLN_013_001	Effector CD8+ T cells - % of CD8+	Mesenteric Lymph Node Immunophenotyping	Female	2	MGI:1915293
tm1a(EUCOMM)Wtsi	Mesenteric Lymph Node	N6amt2	Hom	MGP_MLN_080_001	Effector gd cells - % of CD45+	Mesenteric Lymph Node Immunophenotyping	Male	2	MGI:1915293
tm1a(EUCOMM)Wtsi	Mesenteric Lymph Node	N6amt2	Hom	MGP_MLN_080_001	Effector gd cells - % of CD45+	Mesenteric Lymph Node Immunophenotyping	Female	2	MGI:1915293
tm1a(EUCOMM)Wtsi	Mesenteric Lymph Node	N6amt2	Hom	MGP_MLN_019_001	Effector gd T cells - % of gd T cells	Mesenteric Lymph Node Immunophenotyping	Male	2	MGI:1915293
tm1a(EUCOMM)Wtsi	Mesenteric Lymph Node	N6amt2	Hom	MGP_MLN_019_001	Effector gd T cells - % of gd T cells	Mesenteric Lymph Node Immunophenotyping	Female	2	MGI:1915293
tm1a(EUCOMM)Wtsi	Mesenteric Lymph Node	N6amt2	Hom	MGP_MLN_091_001	Effector NK cells - % of CD45+	Mesenteric Lymph Node Immunophenotyping	Male	2	MGI:1915293
tm1a(EUCOMM)Wtsi	Mesenteric Lymph Node	N6amt2	Hom	MGP_MLN_091_001	Effector NK cells - % of CD45+	Mesenteric Lymph Node Immunophenotyping	Female	2	MGI:1915293
tm1a(EUCOMM)Wtsi	Mesenteric Lymph Node	N6amt2	Hom	MGP_MLN_032_001	Effector NK cells - % of NK cells	Mesenteric Lymph Node Immunophenotyping	Male	2	MGI:1915293
tm1a(EUCOMM)Wtsi	Mesenteric Lymph Node	N6amt2	Hom	MGP_MLN_032_001	Effector NK cells - % of NK cells	Mesenteric Lymph Node Immunophenotyping	Female	2	MGI:1915293
tm1a(EUCOMM)Wtsi	Mesenteric Lymph Node	N6amt2	Hom	MGP_MLN_070_001	Effector Treg cells - % of CD45+	Mesenteric Lymph Node Immunophenotyping	Male	2	MGI:1915293
tm1a(EUCOMM)Wtsi	Mesenteric Lymph Node	N6amt2	Hom	MGP_MLN_070_001	Effector Treg cells - % of CD45+	Mesenteric Lymph Node Immunophenotyping	Female	2	MGI:1915293
tm1a(EUCOMM)Wtsi	Mesenteric Lymph Node	N6amt2	Hom	MGP_MLN_009_001	Effector Treg cells - % of Treg	Mesenteric Lymph Node Immunophenotyping	Male	2	MGI:1915293
tm1a(EUCOMM)Wtsi	Mesenteric Lymph Node	N6amt2	Hom	MGP_MLN_009_001	Effector Treg cells - % of Treg	Mesenteric Lymph Node Immunophenotyping	Female	2	MGI:1915293
tm1a(EUCOMM)Wtsi	Mesenteric Lymph Node	N6amt2	Hom	MGP_MLN_113_001	Eosinophils - % of CD45+	Mesenteric Lymph Node Immunophenotyping	Male	2	MGI:1915293
tm1a(EUCOMM)Wtsi	Mesenteric Lymph Node	N6amt2	Hom	MGP_MLN_113_001	Eosinophils - % of CD45+	Mesenteric Lymph Node Immunophenotyping	Female	2	MGI:1915293
tm1a(EUCOMM)Wtsi	Mesenteric Lymph Node	N6amt2	Hom	MGP_MLN_042_001	Follicular B cells - % of B2 cells	Mesenteric Lymph Node Immunophenotyping	Male	2	MGI:1915293
tm1a(EUCOMM)Wtsi	Mesenteric Lymph Node	N6amt2	Hom	MGP_MLN_042_001	Follicular B cells - % of B2 cells	Mesenteric Lymph Node Immunophenotyping	Female	2	MGI:1915293
tm1a(EUCOMM)Wtsi	Mesenteric Lymph Node	N6amt2	Hom	MGP_MLN_100_001	Follicular B cells - % of CD45+	Mesenteric Lymph Node Immunophenotyping	Male	2	MGI:1915293
tm1a(EUCOMM)Wtsi	Mesenteric Lymph Node	N6amt2	Hom	MGP_MLN_100_001	Follicular B cells - % of CD45+	Mesenteric Lymph Node Immunophenotyping	Female	2	MGI:1915293
tm1a(EUCOMM)Wtsi	Mesenteric Lymph Node	N6amt2	Hom	MGP_MLN_043_001	Germinal centre B cells - % of B2 cells	Mesenteric Lymph Node Immunophenotyping	Male	2	MGI:1915293
tm1a(EUCOMM)Wtsi	Mesenteric Lymph Node	N6amt2	Hom	MGP_MLN_043_001	Germinal centre B cells - % of B2 cells	Mesenteric Lymph Node Immunophenotyping	Female	2	MGI:1915293
tm1a(EUCOMM)Wtsi	Mesenteric Lymph Node	N6amt2	Hom	MGP_MLN_101_001	Germinal centre B cells - % of CD45+	Mesenteric Lymph Node Immunophenotyping	Male	2	MGI:1915293
tm1a(EUCOMM)Wtsi	Mesenteric Lymph Node	N6amt2	Hom	MGP_MLN_101_001	Germinal centre B cells - % of CD45+	Mesenteric Lymph Node Immunophenotyping	Female	2	MGI:1915293
tm1a(EUCOMM)Wtsi	Mesenteric Lymph Node	N6amt2	Hom	MGP_MLN_111_001	Granulocytes - % of CD45+	Mesenteric Lymph Node Immunophenotyping	Male	0	MGI:1915293
tm1a(EUCOMM)Wtsi	Mesenteric Lymph Node	N6amt2	Hom	MGP_MLN_111_001	Granulocytes - % of CD45+	Mesenteric Lymph Node Immunophenotyping	Female	0	MGI:1915293
tm1a(EUCOMM)Wtsi	Mesenteric Lymph Node	N6amt2	Hom	MGP_MLN_026_001	KLRG1+ CD4- NKT cells - % of CD4- NKT cells	Mesenteric Lymph Node Immunophenotyping	Male	2	MGI:1915293
tm1a(EUCOMM)Wtsi	Mesenteric Lymph Node	N6amt2	Hom	MGP_MLN_026_001	KLRG1+ CD4- NKT cells - % of CD4- NKT cells	Mesenteric Lymph Node Immunophenotyping	Female	2	MGI:1915293
tm1a(EUCOMM)Wtsi	Mesenteric Lymph Node	N6amt2	Hom	MGP_MLN_086_001	KLRG1+ CD4- NKT cells - % of CD45+	Mesenteric Lymph Node Immunophenotyping	Male	2	MGI:1915293
tm1a(EUCOMM)Wtsi	Mesenteric Lymph Node	N6amt2	Hom	MGP_MLN_086_001	KLRG1+ CD4- NKT cells - % of CD45+	Mesenteric Lymph Node Immunophenotyping	Female	2	MGI:1915293
tm1a(EUCOMM)Wtsi	Mesenteric Lymph Node	N6amt2	Hom	MGP_MLN_030_001	KLRG1+ CD4+ NKT cells - % of CD4+ NKT cells	Mesenteric Lymph Node Immunophenotyping	Male	2	MGI:1915293
tm1a(EUCOMM)Wtsi	Mesenteric Lymph Node	N6amt2	Hom	MGP_MLN_030_001	KLRG1+ CD4+ NKT cells - % of CD4+ NKT cells	Mesenteric Lymph Node Immunophenotyping	Female	2	MGI:1915293
tm1a(EUCOMM)Wtsi	Mesenteric Lymph Node	N6amt2	Hom	MGP_MLN_090_001	KLRG1+ CD4+ NKT cells - % of CD45+	Mesenteric Lymph Node Immunophenotyping	Male	2	MGI:1915293
tm1a(EUCOMM)Wtsi	Mesenteric Lymph Node	N6amt2	Hom	MGP_MLN_090_001	KLRG1+ CD4+ NKT cells - % of CD45+	Mesenteric Lymph Node Immunophenotyping	Female	2	MGI:1915293
tm1a(EUCOMM)Wtsi	Mesenteric Lymph Node	N6amt2	Hom	MGP_MLN_007_001	KLRG1+ CD4+ T helper cells - % of CD4+ T helper cells	Mesenteric Lymph Node Immunophenotyping	Male	2	MGI:1915293
tm1a(EUCOMM)Wtsi	Mesenteric Lymph Node	N6amt2	Hom	MGP_MLN_007_001	KLRG1+ CD4+ T helper cells - % of CD4+ T helper cells	Mesenteric Lymph Node Immunophenotyping	Female	2	MGI:1915293
tm1a(EUCOMM)Wtsi	Mesenteric Lymph Node	N6amt2	Hom	MGP_MLN_068_001	KLRG1+ CD4+ T helper cells - % of CD45+	Mesenteric Lymph Node Immunophenotyping	Male	2	MGI:1915293
tm1a(EUCOMM)Wtsi	Mesenteric Lymph Node	N6amt2	Hom	MGP_MLN_068_001	KLRG1+ CD4+ T helper cells - % of CD45+	Mesenteric Lymph Node Immunophenotyping	Female	2	MGI:1915293
tm1a(EUCOMM)Wtsi	Mesenteric Lymph Node	N6amt2	Hom	MGP_MLN_077_001	KLRG1+ CD8+ T cells - % of CD45+	Mesenteric Lymph Node Immunophenotyping	Male	2	MGI:1915293
tm1a(EUCOMM)Wtsi	Mesenteric Lymph Node	N6amt2	Hom	MGP_MLN_077_001	KLRG1+ CD8+ T cells - % of CD45+	Mesenteric Lymph Node Immunophenotyping	Female	2	MGI:1915293
tm1a(EUCOMM)Wtsi	Mesenteric Lymph Node	N6amt2	Hom	MGP_MLN_016_001	KLRG1+ CD8+ T cells - % of CD8+	Mesenteric Lymph Node Immunophenotyping	Male	2	MGI:1915293
tm1a(EUCOMM)Wtsi	Mesenteric Lymph Node	N6amt2	Hom	MGP_MLN_016_001	KLRG1+ CD8+ T cells - % of CD8+	Mesenteric Lymph Node Immunophenotyping	Female	2	MGI:1915293
tm1a(EUCOMM)Wtsi	Mesenteric Lymph Node	N6amt2	Hom	MGP_MLN_082_001	KLRG1+ gd T cells - % of CD45+	Mesenteric Lymph Node Immunophenotyping	Male	2	MGI:1915293
tm1a(EUCOMM)Wtsi	Mesenteric Lymph Node	N6amt2	Hom	MGP_MLN_082_001	KLRG1+ gd T cells - % of CD45+	Mesenteric Lymph Node Immunophenotyping	Female	2	MGI:1915293
tm1a(EUCOMM)Wtsi	Mesenteric Lymph Node	N6amt2	Hom	MGP_MLN_021_001	KLRG1+ gd T cells - % of gd T cells	Mesenteric Lymph Node Immunophenotyping	Male	2	MGI:1915293
tm1a(EUCOMM)Wtsi	Mesenteric Lymph Node	N6amt2	Hom	MGP_MLN_021_001	KLRG1+ gd T cells - % of gd T cells	Mesenteric Lymph Node Immunophenotyping	Female	2	MGI:1915293
tm1a(EUCOMM)Wtsi	Mesenteric Lymph Node	N6amt2	Hom	MGP_MLN_093_001	KLRG1+ NK cells - % of CD45+	Mesenteric Lymph Node Immunophenotyping	Male	2	MGI:1915293
tm1a(EUCOMM)Wtsi	Mesenteric Lymph Node	N6amt2	Hom	MGP_MLN_093_001	KLRG1+ NK cells - % of CD45+	Mesenteric Lymph Node Immunophenotyping	Female	2	MGI:1915293
tm1a(EUCOMM)Wtsi	Mesenteric Lymph Node	N6amt2	Hom	MGP_MLN_034_001	KLRG1+ NK cells - % of NK cells	Mesenteric Lymph Node Immunophenotyping	Male	2	MGI:1915293
tm1a(EUCOMM)Wtsi	Mesenteric Lymph Node	N6amt2	Hom	MGP_MLN_034_001	KLRG1+ NK cells - % of NK cells	Mesenteric Lymph Node Immunophenotyping	Female	2	MGI:1915293
tm1a(EUCOMM)Wtsi	Mesenteric Lymph Node	N6amt2	Hom	MGP_MLN_072_001	KLRG1+ Treg cells - % of CD45+	Mesenteric Lymph Node Immunophenotyping	Male	2	MGI:1915293
tm1a(EUCOMM)Wtsi	Mesenteric Lymph Node	N6amt2	Hom	MGP_MLN_072_001	KLRG1+ Treg cells - % of CD45+	Mesenteric Lymph Node Immunophenotyping	Female	2	MGI:1915293
tm1a(EUCOMM)Wtsi	Mesenteric Lymph Node	N6amt2	Hom	MGP_MLN_011_001	KLRG1+ Treg cells - % of Treg	Mesenteric Lymph Node Immunophenotyping	Male	2	MGI:1915293
tm1a(EUCOMM)Wtsi	Mesenteric Lymph Node	N6amt2	Hom	MGP_MLN_011_001	KLRG1+ Treg cells - % of Treg	Mesenteric Lymph Node Immunophenotyping	Female	2	MGI:1915293
tm1a(EUCOMM)Wtsi	Mesenteric Lymph Node	N6amt2	Hom	MGP_MLN_103_001	Late germinal centre B cells - % of CD45+	Mesenteric Lymph Node Immunophenotyping	Male	0	MGI:1915293
tm1a(EUCOMM)Wtsi	Mesenteric Lymph Node	N6amt2	Hom	MGP_MLN_103_001	Late germinal centre B cells - % of CD45+	Mesenteric Lymph Node Immunophenotyping	Female	0	MGI:1915293
tm1a(EUCOMM)Wtsi	Mesenteric Lymph Node	N6amt2	Hom	MGP_MLN_109_001	Macrophages - % of CD45+	Mesenteric Lymph Node Immunophenotyping	Male	2	MGI:1915293
tm1a(EUCOMM)Wtsi	Mesenteric Lymph Node	N6amt2	Hom	MGP_MLN_109_001	Macrophages - % of CD45+	Mesenteric Lymph Node Immunophenotyping	Female	2	MGI:1915293
tm1a(EUCOMM)Wtsi	Mesenteric Lymph Node	N6amt2	Hom	MGP_MLN_047_001	Memory B cells - % of B2 cells	Mesenteric Lymph Node Immunophenotyping	Male	0	MGI:1915293
tm1a(EUCOMM)Wtsi	Mesenteric Lymph Node	N6amt2	Hom	MGP_MLN_047_001	Memory B cells - % of B2 cells	Mesenteric Lymph Node Immunophenotyping	Female	0	MGI:1915293
tm1a(EUCOMM)Wtsi	Mesenteric Lymph Node	N6amt2	Hom	MGP_MLN_105_001	Memory B cells - % of CD45+	Mesenteric Lymph Node Immunophenotyping	Male	0	MGI:1915293
tm1a(EUCOMM)Wtsi	Mesenteric Lymph Node	N6amt2	Hom	MGP_MLN_105_001	Memory B cells - % of CD45+	Mesenteric Lymph Node Immunophenotyping	Female	0	MGI:1915293
tm1a(EUCOMM)Wtsi	Mesenteric Lymph Node	N6amt2	Hom	MGP_MLN_112_001	Monocytes - % of CD45+	Mesenteric Lymph Node Immunophenotyping	Male	0	MGI:1915293
tm1a(EUCOMM)Wtsi	Mesenteric Lymph Node	N6amt2	Hom	MGP_MLN_112_001	Monocytes - % of CD45+	Mesenteric Lymph Node Immunophenotyping	Female	0	MGI:1915293
tm1a(EUCOMM)Wtsi	Mesenteric Lymph Node	N6amt2	Hom	MGP_MLN_076_001	Naive CD8+ T cells - % of CD45+	Mesenteric Lymph Node Immunophenotyping	Male	2	MGI:1915293
tm1a(EUCOMM)Wtsi	Mesenteric Lymph Node	N6amt2	Hom	MGP_MLN_076_001	Naive CD8+ T cells - % of CD45+	Mesenteric Lymph Node Immunophenotyping	Female	2	MGI:1915293
tm1a(EUCOMM)Wtsi	Mesenteric Lymph Node	N6amt2	Hom	MGP_MLN_015_001	Naive CD8+ T cells - % of CD8+	Mesenteric Lymph Node Immunophenotyping	Male	2	MGI:1915293
tm1a(EUCOMM)Wtsi	Mesenteric Lymph Node	N6amt2	Hom	MGP_MLN_015_001	Naive CD8+ T cells - % of CD8+	Mesenteric Lymph Node Immunophenotyping	Female	2	MGI:1915293
tm1a(EUCOMM)Wtsi	Mesenteric Lymph Node	N6amt2	Hom	MGP_MLN_046_001	Plasma cells - % of B2 cells	Mesenteric Lymph Node Immunophenotyping	Male	0	MGI:1915293
tm1a(EUCOMM)Wtsi	Mesenteric Lymph Node	N6amt2	Hom	MGP_MLN_046_001	Plasma cells - % of B2 cells	Mesenteric Lymph Node Immunophenotyping	Female	0	MGI:1915293
tm1a(EUCOMM)Wtsi	Mesenteric Lymph Node	N6amt2	Hom	MGP_MLN_104_001	Plasma cells - % of CD45+	Mesenteric Lymph Node Immunophenotyping	Male	0	MGI:1915293
tm1a(EUCOMM)Wtsi	Mesenteric Lymph Node	N6amt2	Hom	MGP_MLN_104_001	Plasma cells - % of CD45+	Mesenteric Lymph Node Immunophenotyping	Female	0	MGI:1915293
tm1a(EUCOMM)Wtsi	Mesenteric Lymph Node	N6amt2	Hom	MGP_MLN_115_001	Plasmacytoid DC - % of CD45+	Mesenteric Lymph Node Immunophenotyping	Male	2	MGI:1915293
tm1a(EUCOMM)Wtsi	Mesenteric Lymph Node	N6amt2	Hom	MGP_MLN_115_001	Plasmacytoid DC - % of CD45+	Mesenteric Lymph Node Immunophenotyping	Female	2	MGI:1915293
tm1a(EUCOMM)Wtsi	Mesenteric Lymph Node	N6amt2	Hom	MGP_MLN_058_001	Plasmacytoid DC - % of DC	Mesenteric Lymph Node Immunophenotyping	Male	2	MGI:1915293
tm1a(EUCOMM)Wtsi	Mesenteric Lymph Node	N6amt2	Hom	MGP_MLN_058_001	Plasmacytoid DC - % of DC	Mesenteric Lymph Node Immunophenotyping	Female	2	MGI:1915293
tm1a(EUCOMM)Wtsi	Mesenteric Lymph Node	N6amt2	Hom	MGP_MLN_025_001	Resting CD4- NKT cells - % of CD4- NKT cells	Mesenteric Lymph Node Immunophenotyping	Male	2	MGI:1915293
tm1a(EUCOMM)Wtsi	Mesenteric Lymph Node	N6amt2	Hom	MGP_MLN_025_001	Resting CD4- NKT cells - % of CD4- NKT cells	Mesenteric Lymph Node Immunophenotyping	Female	2	MGI:1915293
tm1a(EUCOMM)Wtsi	Mesenteric Lymph Node	N6amt2	Hom	MGP_MLN_085_001	Resting CD4- NKT cells - % of CD45+	Mesenteric Lymph Node Immunophenotyping	Male	2	MGI:1915293
tm1a(EUCOMM)Wtsi	Mesenteric Lymph Node	N6amt2	Hom	MGP_MLN_085_001	Resting CD4- NKT cells - % of CD45+	Mesenteric Lymph Node Immunophenotyping	Female	2	MGI:1915293
tm1a(EUCOMM)Wtsi	Mesenteric Lymph Node	N6amt2	Hom	MGP_MLN_089_001	Resting CD4+ NKT cells - % of CD45+	Mesenteric Lymph Node Immunophenotyping	Male	2	MGI:1915293
tm1a(EUCOMM)Wtsi	Mesenteric Lymph Node	N6amt2	Hom	MGP_MLN_089_001	Resting CD4+ NKT cells - % of CD45+	Mesenteric Lymph Node Immunophenotyping	Female	2	MGI:1915293
tm1a(EUCOMM)Wtsi	Mesenteric Lymph Node	N6amt2	Hom	MGP_MLN_006_001	Resting CD4+ T helper cells - % of CD4+ T helper cells	Mesenteric Lymph Node Immunophenotyping	Male	2	MGI:1915293
tm1a(EUCOMM)Wtsi	Mesenteric Lymph Node	N6amt2	Hom	MGP_MLN_006_001	Resting CD4+ T helper cells - % of CD4+ T helper cells	Mesenteric Lymph Node Immunophenotyping	Female	2	MGI:1915293
tm1a(EUCOMM)Wtsi	Mesenteric Lymph Node	N6amt2	Hom	MGP_MLN_067_001	Resting CD4+ T helper cells - % of CD45+	Mesenteric Lymph Node Immunophenotyping	Male	2	MGI:1915293
tm1a(EUCOMM)Wtsi	Mesenteric Lymph Node	N6amt2	Hom	MGP_MLN_067_001	Resting CD4+ T helper cells - % of CD45+	Mesenteric Lymph Node Immunophenotyping	Female	2	MGI:1915293
tm1a(EUCOMM)Wtsi	Mesenteric Lymph Node	N6amt2	Hom	MGP_MLN_075_001	Resting CD8+ T cells - % of CD45+	Mesenteric Lymph Node Immunophenotyping	Male	2	MGI:1915293
tm1a(EUCOMM)Wtsi	Mesenteric Lymph Node	N6amt2	Hom	MGP_MLN_075_001	Resting CD8+ T cells - % of CD45+	Mesenteric Lymph Node Immunophenotyping	Female	2	MGI:1915293
tm1a(EUCOMM)Wtsi	Mesenteric Lymph Node	N6amt2	Hom	MGP_MLN_014_001	Resting CD8+ T cells - % of CD8+	Mesenteric Lymph Node Immunophenotyping	Male	2	MGI:1915293
tm1a(EUCOMM)Wtsi	Mesenteric Lymph Node	N6amt2	Hom	MGP_MLN_014_001	Resting CD8+ T cells - % of CD8+	Mesenteric Lymph Node Immunophenotyping	Female	2	MGI:1915293
tm1a(EUCOMM)Wtsi	Mesenteric Lymph Node	N6amt2	Hom	MGP_MLN_081_001	Resting gd T cells - % of CD45+	Mesenteric Lymph Node Immunophenotyping	Male	2	MGI:1915293
tm1a(EUCOMM)Wtsi	Mesenteric Lymph Node	N6amt2	Hom	MGP_MLN_081_001	Resting gd T cells - % of CD45+	Mesenteric Lymph Node Immunophenotyping	Female	2	MGI:1915293
tm1a(EUCOMM)Wtsi	Mesenteric Lymph Node	N6amt2	Hom	MGP_MLN_020_001	Resting gd T cells - % of gd T cells	Mesenteric Lymph Node Immunophenotyping	Male	2	MGI:1915293
tm1a(EUCOMM)Wtsi	Mesenteric Lymph Node	N6amt2	Hom	MGP_MLN_020_001	Resting gd T cells - % of gd T cells	Mesenteric Lymph Node Immunophenotyping	Female	2	MGI:1915293
tm1a(EUCOMM)Wtsi	Mesenteric Lymph Node	N6amt2	Hom	MGP_MLN_092_001	Resting NK cells - % of CD45+	Mesenteric Lymph Node Immunophenotyping	Male	2	MGI:1915293
tm1a(EUCOMM)Wtsi	Mesenteric Lymph Node	N6amt2	Hom	MGP_MLN_092_001	Resting NK cells - % of CD45+	Mesenteric Lymph Node Immunophenotyping	Female	2	MGI:1915293
tm1a(EUCOMM)Wtsi	Mesenteric Lymph Node	N6amt2	Hom	MGP_MLN_033_001	Resting NK cells - % of NK cells	Mesenteric Lymph Node Immunophenotyping	Male	2	MGI:1915293
tm1a(EUCOMM)Wtsi	Mesenteric Lymph Node	N6amt2	Hom	MGP_MLN_033_001	Resting NK cells - % of NK cells	Mesenteric Lymph Node Immunophenotyping	Female	2	MGI:1915293
tm1a(EUCOMM)Wtsi	Mesenteric Lymph Node	N6amt2	Hom	MGP_MLN_071_001	Resting Treg cells - % of CD45+	Mesenteric Lymph Node Immunophenotyping	Male	2	MGI:1915293
tm1a(EUCOMM)Wtsi	Mesenteric Lymph Node	N6amt2	Hom	MGP_MLN_071_001	Resting Treg cells - % of CD45+	Mesenteric Lymph Node Immunophenotyping	Female	2	MGI:1915293
tm1a(EUCOMM)Wtsi	Mesenteric Lymph Node	N6amt2	Hom	MGP_MLN_010_001	Resting Treg cells - % of Treg	Mesenteric Lymph Node Immunophenotyping	Male	2	MGI:1915293
tm1a(EUCOMM)Wtsi	Mesenteric Lymph Node	N6amt2	Hom	MGP_MLN_010_001	Resting Treg cells - % of Treg	Mesenteric Lymph Node Immunophenotyping	Female	2	MGI:1915293
tm1a(EUCOMM)Wtsi	Mesenteric Lymph Node	N6amt2	Hom	MGP_MLN_063_001	Total ab T cells - % of CD45+	Mesenteric Lymph Node Immunophenotyping	Male	2	MGI:1915293
tm1a(EUCOMM)Wtsi	Mesenteric Lymph Node	N6amt2	Hom	MGP_MLN_063_001	Total ab T cells - % of CD45+	Mesenteric Lymph Node Immunophenotyping	Female	2	MGI:1915293
tm1a(EUCOMM)Wtsi	Mesenteric Lymph Node	N6amt2	Hom	MGP_MLN_035_001	Total B cells - % of CD45+	Mesenteric Lymph Node Immunophenotyping	Male	2	MGI:1915293
tm1a(EUCOMM)Wtsi	Mesenteric Lymph Node	N6amt2	Hom	MGP_MLN_035_001	Total B cells - % of CD45+	Mesenteric Lymph Node Immunophenotyping	Female	2	MGI:1915293
tm1a(EUCOMM)Wtsi	Mesenteric Lymph Node	N6amt2	Hom	MGP_MLN_095_001	Total B2 cells - % of CD45+	Mesenteric Lymph Node Immunophenotyping	Male	2	MGI:1915293
tm1a(EUCOMM)Wtsi	Mesenteric Lymph Node	N6amt2	Hom	MGP_MLN_095_001	Total B2 cells - % of CD45+	Mesenteric Lymph Node Immunophenotyping	Female	2	MGI:1915293
tm1a(EUCOMM)Wtsi	Mesenteric Lymph Node	N6amt2	Hom	MGP_MLN_083_001	Total CD4- NKT cells - % of CD45+	Mesenteric Lymph Node Immunophenotyping	Male	2	MGI:1915293
tm1a(EUCOMM)Wtsi	Mesenteric Lymph Node	N6amt2	Hom	MGP_MLN_083_001	Total CD4- NKT cells - % of CD45+	Mesenteric Lymph Node Immunophenotyping	Female	2	MGI:1915293
tm1a(EUCOMM)Wtsi	Mesenteric Lymph Node	N6amt2	Hom	MGP_MLN_023_001	Total CD4- NKT cells - % of NKT cells	Mesenteric Lymph Node Immunophenotyping	Male	2	MGI:1915293
tm1a(EUCOMM)Wtsi	Mesenteric Lymph Node	N6amt2	Hom	MGP_MLN_023_001	Total CD4- NKT cells - % of NKT cells	Mesenteric Lymph Node Immunophenotyping	Female	2	MGI:1915293
tm1a(EUCOMM)Wtsi	Mesenteric Lymph Node	N6amt2	Hom	MGP_MLN_087_001	Total CD4+ NKT cells - % of CD45+	Mesenteric Lymph Node Immunophenotyping	Male	2	MGI:1915293
tm1a(EUCOMM)Wtsi	Mesenteric Lymph Node	N6amt2	Hom	MGP_MLN_087_001	Total CD4+ NKT cells - % of CD45+	Mesenteric Lymph Node Immunophenotyping	Female	2	MGI:1915293
tm1a(EUCOMM)Wtsi	Mesenteric Lymph Node	N6amt2	Hom	MGP_MLN_027_001	Total CD4+ NKT cells - % of NKT cells	Mesenteric Lymph Node Immunophenotyping	Male	2	MGI:1915293
tm1a(EUCOMM)Wtsi	Mesenteric Lymph Node	N6amt2	Hom	MGP_MLN_027_001	Total CD4+ NKT cells - % of NKT cells	Mesenteric Lymph Node Immunophenotyping	Female	2	MGI:1915293
tm1a(EUCOMM)Wtsi	Mesenteric Lymph Node	N6amt2	Hom	MGP_MLN_003_001	Total CD4+ T cells - % of ab T cells	Mesenteric Lymph Node Immunophenotyping	Male	2	MGI:1915293
tm1a(EUCOMM)Wtsi	Mesenteric Lymph Node	N6amt2	Hom	MGP_MLN_003_001	Total CD4+ T cells - % of ab T cells	Mesenteric Lymph Node Immunophenotyping	Female	2	MGI:1915293
tm1a(EUCOMM)Wtsi	Mesenteric Lymph Node	N6amt2	Hom	MGP_MLN_064_001	Total CD4+ T cells - % of CD45+	Mesenteric Lymph Node Immunophenotyping	Male	2	MGI:1915293
tm1a(EUCOMM)Wtsi	Mesenteric Lymph Node	N6amt2	Hom	MGP_MLN_064_001	Total CD4+ T cells - % of CD45+	Mesenteric Lymph Node Immunophenotyping	Female	2	MGI:1915293
tm1a(EUCOMM)Wtsi	Mesenteric Lymph Node	N6amt2	Hom	MGP_MLN_012_001	Total CD8+ T cells - % of ab T cells	Mesenteric Lymph Node Immunophenotyping	Male	2	MGI:1915293
tm1a(EUCOMM)Wtsi	Mesenteric Lymph Node	N6amt2	Hom	MGP_MLN_012_001	Total CD8+ T cells - % of ab T cells	Mesenteric Lymph Node Immunophenotyping	Female	2	MGI:1915293
tm1a(EUCOMM)Wtsi	Mesenteric Lymph Node	N6amt2	Hom	MGP_MLN_073_001	Total CD8+ T cells - % of CD45+	Mesenteric Lymph Node Immunophenotyping	Male	2	MGI:1915293
tm1a(EUCOMM)Wtsi	Mesenteric Lymph Node	N6amt2	Hom	MGP_MLN_073_001	Total CD8+ T cells - % of CD45+	Mesenteric Lymph Node Immunophenotyping	Female	2	MGI:1915293
tm1a(EUCOMM)Wtsi	Mesenteric Lymph Node	N6amt2	Hom	MGP_MLN_114_001	Total DC - % of CD45+	Mesenteric Lymph Node Immunophenotyping	Male	2	MGI:1915293
tm1a(EUCOMM)Wtsi	Mesenteric Lymph Node	N6amt2	Hom	MGP_MLN_114_001	Total DC - % of CD45+	Mesenteric Lymph Node Immunophenotyping	Female	2	MGI:1915293
tm1a(EUCOMM)Wtsi	Mesenteric Lymph Node	N6amt2	Hom	MGP_MLN_078_001	Total gd T cells - % of CD45+	Mesenteric Lymph Node Immunophenotyping	Male	2	MGI:1915293
tm1a(EUCOMM)Wtsi	Mesenteric Lymph Node	N6amt2	Hom	MGP_MLN_078_001	Total gd T cells - % of CD45+	Mesenteric Lymph Node Immunophenotyping	Female	2	MGI:1915293
tm1a(EUCOMM)Wtsi	Mesenteric Lymph Node	N6amt2	Hom	MGP_MLN_031_001	Total NK cells - % of CD45+	Mesenteric Lymph Node Immunophenotyping	Male	2	MGI:1915293
tm1a(EUCOMM)Wtsi	Mesenteric Lymph Node	N6amt2	Hom	MGP_MLN_031_001	Total NK cells - % of CD45+	Mesenteric Lymph Node Immunophenotyping	Female	2	MGI:1915293
tm1a(EUCOMM)Wtsi	Mesenteric Lymph Node	N6amt2	Hom	MGP_MLN_022_001	Total NKT cells - % of CD45+	Mesenteric Lymph Node Immunophenotyping	Male	2	MGI:1915293
tm1a(EUCOMM)Wtsi	Mesenteric Lymph Node	N6amt2	Hom	MGP_MLN_022_001	Total NKT cells - % of CD45+	Mesenteric Lymph Node Immunophenotyping	Female	2	MGI:1915293
tm1a(EUCOMM)Wtsi	Mesenteric Lymph Node	N6amt2	Hom	MGP_MLN_001_001	Total T cells - % of CD45+	Mesenteric Lymph Node Immunophenotyping	Male	2	MGI:1915293
tm1a(EUCOMM)Wtsi	Mesenteric Lymph Node	N6amt2	Hom	MGP_MLN_001_001	Total T cells - % of CD45+	Mesenteric Lymph Node Immunophenotyping	Female	2	MGI:1915293
tm1a(EUCOMM)Wtsi	Mesenteric Lymph Node	N6amt2	Hom	MGP_MLN_008_001	Total Treg cells - % of CD4+	Mesenteric Lymph Node Immunophenotyping	Male	2	MGI:1915293
tm1a(EUCOMM)Wtsi	Mesenteric Lymph Node	N6amt2	Hom	MGP_MLN_008_001	Total Treg cells - % of CD4+	Mesenteric Lymph Node Immunophenotyping	Female	2	MGI:1915293
tm1a(EUCOMM)Wtsi	Mesenteric Lymph Node	N6amt2	Hom	MGP_MLN_069_001	Total Treg cells - % of CD45+	Mesenteric Lymph Node Immunophenotyping	Male	2	MGI:1915293
tm1a(EUCOMM)Wtsi	Mesenteric Lymph Node	N6amt2	Hom	MGP_MLN_069_001	Total Treg cells - % of CD45+	Mesenteric Lymph Node Immunophenotyping	Female	2	MGI:1915293
tm1a(EUCOMM)Wtsi	Mesenteric Lymph Node	N6amt2	Hom	MGP_MLN_060_001	Conventional CD11b type DC - % of cDC	Mesenteric Lymph Node Immunophenotyping	Male	2	MGI:1915293
tm1a(EUCOMM)Wtsi	Mesenteric Lymph Node	N6amt2	Hom	MGP_MLN_060_001	Conventional CD11b type DC - % of cDC	Mesenteric Lymph Node Immunophenotyping	Female	2	MGI:1915293
tm1a(EUCOMM)Wtsi	Mesenteric Lymph Node	N6amt2	Hom	MGP_MLN_118_001	Conventional CD8a type DC - % of CD45+	Mesenteric Lymph Node Immunophenotyping	Male	2	MGI:1915293
tm1a(EUCOMM)Wtsi	Mesenteric Lymph Node	N6amt2	Hom	MGP_MLN_118_001	Conventional CD8a type DC - % of CD45+	Mesenteric Lymph Node Immunophenotyping	Female	2	MGI:1915293
tm1a(EUCOMM)Wtsi	Mesenteric Lymph Node	N6amt2	Hom	MGP_MLN_061_001	Conventional CD8a type DC - % of cDC	Mesenteric Lymph Node Immunophenotyping	Male	2	MGI:1915293
tm1a(EUCOMM)Wtsi	Mesenteric Lymph Node	N6amt2	Hom	MGP_MLN_061_001	Conventional CD8a type DC - % of cDC	Mesenteric Lymph Node Immunophenotyping	Female	2	MGI:1915293
tm1a(EUCOMM)Wtsi	Mesenteric Lymph Node	N6amt2	Hom	MGP_MLN_062_001	CD103+ CD8a type DC - % of CD8 type cDC	Mesenteric Lymph Node Immunophenotyping	Male	2	MGI:1915293
tm1a(EUCOMM)Wtsi	Mesenteric Lymph Node	N6amt2	Hom	MGP_MLN_062_001	CD103+ CD8a type DC - % of CD8 type cDC	Mesenteric Lymph Node Immunophenotyping	Female	2	MGI:1915293
tm1a(EUCOMM)Wtsi	Mesenteric Lymph Node	N6amt2	Hom	MGP_MLN_119_001	CD103+ CD8a type DC - % of CD45+	Mesenteric Lymph Node Immunophenotyping	Male	2	MGI:1915293
tm1a(EUCOMM)Wtsi	Mesenteric Lymph Node	N6amt2	Hom	MGP_MLN_119_001	CD103+ CD8a type DC - % of CD45+	Mesenteric Lymph Node Immunophenotyping	Female	2	MGI:1915293
tm1a(EUCOMM)Wtsi	Mesenteric Lymph Node	N6amt2	Hom	MGP_MLN_116_001	Conventional DC - % of CD45+	Mesenteric Lymph Node Immunophenotyping	Male	2	MGI:1915293
tm1a(EUCOMM)Wtsi	Mesenteric Lymph Node	N6amt2	Hom	MGP_MLN_116_001	Conventional DC - % of CD45+	Mesenteric Lymph Node Immunophenotyping	Female	2	MGI:1915293
tm1a(EUCOMM)Wtsi	Mesenteric Lymph Node	N6amt2	Hom	MGP_MLN_117_001	Conventional CD11b type DC - % of CD45+	Mesenteric Lymph Node Immunophenotyping	Male	2	MGI:1915293
tm1a(EUCOMM)Wtsi	Mesenteric Lymph Node	N6amt2	Hom	MGP_MLN_117_001	Conventional CD11b type DC - % of CD45+	Mesenteric Lymph Node Immunophenotyping	Female	2	MGI:1915293
tm1a(EUCOMM)Wtsi	Mesenteric Lymph Node	N6amt2	Hom	MGP_MLN_028_001	Effector CD4+ NKT cells - % of CD4+ NKT cells	Mesenteric Lymph Node Immunophenotyping	Male	2	MGI:1915293
tm1a(EUCOMM)Wtsi	Mesenteric Lymph Node	N6amt2	Hom	MGP_MLN_028_001	Effector CD4+ NKT cells - % of CD4+ NKT cells	Mesenteric Lymph Node Immunophenotyping	Female	2	MGI:1915293
tm1a(EUCOMM)Wtsi	Mesenteric Lymph Node	N6amt2	Hom	MGP_MLN_029_001	Resting CD4+ NKT cells - % of CD4+ NKT cells	Mesenteric Lymph Node Immunophenotyping	Male	2	MGI:1915293
tm1a(EUCOMM)Wtsi	Mesenteric Lymph Node	N6amt2	Hom	MGP_MLN_029_001	Resting CD4+ NKT cells - % of CD4+ NKT cells	Mesenteric Lymph Node Immunophenotyping	Female	2	MGI:1915293
tm1a(EUCOMM)Wtsi	Bone Marrow	N6amt2	Hom	MGP_BMI_016_001	Granulocytes - % of CD45+	Bone marrow immunophenotyping	Male	2	MGI:1915293
tm1a(EUCOMM)Wtsi	Bone Marrow	N6amt2	Hom	MGP_BMI_016_001	Granulocytes - % of CD45+	Bone marrow immunophenotyping	Female	2	MGI:1915293
tm1a(EUCOMM)Wtsi	Bone Marrow	N6amt2	Hom	MGP_BMI_006_001	Immature B cells (Hardy fraction E) - % of B220+	Bone marrow immunophenotyping	Male	2	MGI:1915293
tm1a(EUCOMM)Wtsi	Bone Marrow	N6amt2	Hom	MGP_BMI_006_001	Immature B cells (Hardy fraction E) - % of B220+	Bone marrow immunophenotyping	Female	2	MGI:1915293
tm1a(EUCOMM)Wtsi	Bone Marrow	N6amt2	Hom	MGP_BMI_013_001	Immature B cells (Hardy fraction E) - % of CD45+	Bone marrow immunophenotyping	Male	2	MGI:1915293
tm1a(EUCOMM)Wtsi	Bone Marrow	N6amt2	Hom	MGP_BMI_013_001	Immature B cells (Hardy fraction E) - % of CD45+	Bone marrow immunophenotyping	Female	2	MGI:1915293
tm1a(EUCOMM)Wtsi	Bone Marrow	N6amt2	Hom	MGP_BMI_007_001	Mature B cells (Hardy fraction F) - % of B220+	Bone marrow immunophenotyping	Male	2	MGI:1915293
tm1a(EUCOMM)Wtsi	Bone Marrow	N6amt2	Hom	MGP_BMI_007_001	Mature B cells (Hardy fraction F) - % of B220+	Bone marrow immunophenotyping	Female	2	MGI:1915293
tm1a(EUCOMM)Wtsi	Bone Marrow	N6amt2	Hom	MGP_BMI_014_001	Mature B cells (Hardy fraction F) - % of CD45+	Bone marrow immunophenotyping	Male	2	MGI:1915293
tm1a(EUCOMM)Wtsi	Bone Marrow	N6amt2	Hom	MGP_BMI_014_001	Mature B cells (Hardy fraction F) - % of CD45+	Bone marrow immunophenotyping	Female	2	MGI:1915293
tm1a(EUCOMM)Wtsi	Bone Marrow	N6amt2	Hom	MGP_BMI_017_001	Myeloid cells - % of CD45+	Bone marrow immunophenotyping	Male	2	MGI:1915293
tm1a(EUCOMM)Wtsi	Bone Marrow	N6amt2	Hom	MGP_BMI_017_001	Myeloid cells - % of CD45+	Bone marrow immunophenotyping	Female	2	MGI:1915293
tm1a(EUCOMM)Wtsi	Bone Marrow	N6amt2	Hom	MGP_BMI_018_001	Plasma cells - % of CD45+	Bone marrow immunophenotyping	Male	0	MGI:1915293
tm1a(EUCOMM)Wtsi	Bone Marrow	N6amt2	Hom	MGP_BMI_018_001	Plasma cells - % of CD45+	Bone marrow immunophenotyping	Female	0	MGI:1915293
tm1a(EUCOMM)Wtsi	Bone Marrow	N6amt2	Hom	MGP_BMI_005_001	Pre-B cells (Hardy fraction D) - % of B220+	Bone marrow immunophenotyping	Male	2	MGI:1915293
tm1a(EUCOMM)Wtsi	Bone Marrow	N6amt2	Hom	MGP_BMI_005_001	Pre-B cells (Hardy fraction D) - % of B220+	Bone marrow immunophenotyping	Female	2	MGI:1915293
tm1a(EUCOMM)Wtsi	Bone Marrow	N6amt2	Hom	MGP_BMI_012_001	Pre-B cells (Hardy fraction D) - % of CD45+	Bone marrow immunophenotyping	Male	2	MGI:1915293
tm1a(EUCOMM)Wtsi	Bone Marrow	N6amt2	Hom	MGP_BMI_012_001	Pre-B cells (Hardy fraction D) - % of CD45+	Bone marrow immunophenotyping	Female	2	MGI:1915293
tm1a(EUCOMM)Wtsi	Bone Marrow	N6amt2	Hom	MGP_BMI_001_001	Pre-pro B cells (Hardy fraction A) - % of B220+	Bone marrow immunophenotyping	Male	2	MGI:1915293
tm1a(EUCOMM)Wtsi	Bone Marrow	N6amt2	Hom	MGP_BMI_001_001	Pre-pro B cells (Hardy fraction A) - % of B220+	Bone marrow immunophenotyping	Female	2	MGI:1915293
tm1a(EUCOMM)Wtsi	Bone Marrow	N6amt2	Hom	MGP_BMI_008_001	Pre-pro B cells (Hardy fraction A) - % of CD45+	Bone marrow immunophenotyping	Male	2	MGI:1915293
tm1a(EUCOMM)Wtsi	Bone Marrow	N6amt2	Hom	MGP_BMI_008_001	Pre-pro B cells (Hardy fraction A) - % of CD45+	Bone marrow immunophenotyping	Female	2	MGI:1915293
tm1a(EUCOMM)Wtsi	Bone Marrow	N6amt2	Hom	MGP_BMI_003_001	Pro-B cells (Hardy fraction B) - % of B220+	Bone marrow immunophenotyping	Male	0	MGI:1915293
tm1a(EUCOMM)Wtsi	Bone Marrow	N6amt2	Hom	MGP_BMI_003_001	Pro-B cells (Hardy fraction B) - % of B220+	Bone marrow immunophenotyping	Female	0	MGI:1915293
tm1a(EUCOMM)Wtsi	Bone Marrow	N6amt2	Hom	MGP_BMI_010_001	Pro-B cells (Hardy fraction B) - % of CD45+	Bone marrow immunophenotyping	Male	0	MGI:1915293
tm1a(EUCOMM)Wtsi	Bone Marrow	N6amt2	Hom	MGP_BMI_010_001	Pro-B cells (Hardy fraction B) - % of CD45+	Bone marrow immunophenotyping	Female	0	MGI:1915293
tm1a(EUCOMM)Wtsi	Bone Marrow	N6amt2	Hom	MGP_BMI_004_001	Pro-B cells (Hardy fraction C) - % of B220+	Bone marrow immunophenotyping	Male	0	MGI:1915293
tm1a(EUCOMM)Wtsi	Bone Marrow	N6amt2	Hom	MGP_BMI_004_001	Pro-B cells (Hardy fraction C) - % of B220+	Bone marrow immunophenotyping	Female	0	MGI:1915293
tm1a(EUCOMM)Wtsi	Bone Marrow	N6amt2	Hom	MGP_BMI_011_001	Pro-B cells (Hardy fraction C) - % of CD45+	Bone marrow immunophenotyping	Male	0	MGI:1915293
tm1a(EUCOMM)Wtsi	Bone Marrow	N6amt2	Hom	MGP_BMI_011_001	Pro-B cells (Hardy fraction C) - % of CD45+	Bone marrow immunophenotyping	Female	0	MGI:1915293
tm1a(EUCOMM)Wtsi	Bone Marrow	N6amt2	Hom	MGP_BMI_019_001	T cells - % of CD45+	Bone marrow immunophenotyping	Male	2	MGI:1915293
tm1a(EUCOMM)Wtsi	Bone Marrow	N6amt2	Hom	MGP_BMI_019_001	T cells - % of CD45+	Bone marrow immunophenotyping	Female	2	MGI:1915293
tm1a(EUCOMM)Wtsi	Bone Marrow	N6amt2	Hom	MGP_BMI_015_001	Total B cells - % of CD45+	Bone marrow immunophenotyping	Male	2	MGI:1915293
tm1a(EUCOMM)Wtsi	Bone Marrow	N6amt2	Hom	MGP_BMI_015_001	Total B cells - % of CD45+	Bone marrow immunophenotyping	Female	2	MGI:1915293
tm1a(EUCOMM)Wtsi	Spleen	N6amt2	Hom	MGP_IMM_106_001	B1a cells - % of CD45+	Spleen Immuno Phenotyping	Male	2	MGI:1915293
tm1a(EUCOMM)Wtsi	Spleen	N6amt2	Hom	MGP_IMM_106_001	B1a cells - % of CD45+	Spleen Immuno Phenotyping	Female	2	MGI:1915293
tm1a(EUCOMM)Wtsi	Spleen	N6amt2	Hom	MGP_IMM_068_001	CD103+ CD11b-low cDC - % of CD11b-low cDC	Spleen Immuno Phenotyping	Male	2	MGI:1915293
tm1a(EUCOMM)Wtsi	Spleen	N6amt2	Hom	MGP_IMM_068_001	CD103+ CD11b-low cDC - % of CD11b-low cDC	Spleen Immuno Phenotyping	Female	2	MGI:1915293
tm1a(EUCOMM)Wtsi	Spleen	N6amt2	Hom	MGP_IMM_131_001	CD103+ CD11b-low cDC - % of CD45+	Spleen Immuno Phenotyping	Male	2	MGI:1915293
tm1a(EUCOMM)Wtsi	Spleen	N6amt2	Hom	MGP_IMM_131_001	CD103+ CD11b-low cDC - % of CD45+	Spleen Immuno Phenotyping	Female	2	MGI:1915293
tm1a(EUCOMM)Wtsi	Spleen	N6amt2	Hom	MGP_IMM_129_001	CD11b-high cDC - % of CD45+	Spleen Immuno Phenotyping	Male	2	MGI:1915293
tm1a(EUCOMM)Wtsi	Spleen	N6amt2	Hom	MGP_IMM_129_001	CD11b-high cDC - % of CD45+	Spleen Immuno Phenotyping	Female	2	MGI:1915293
tm1a(EUCOMM)Wtsi	Spleen	N6amt2	Hom	MGP_IMM_066_001	CD11b-high cDC - % of cDC	Spleen Immuno Phenotyping	Male	2	MGI:1915293
tm1a(EUCOMM)Wtsi	Spleen	N6amt2	Hom	MGP_IMM_066_001	CD11b-high cDC - % of cDC	Spleen Immuno Phenotyping	Female	2	MGI:1915293
tm1a(EUCOMM)Wtsi	Spleen	N6amt2	Hom	MGP_IMM_130_001	CD11b-low cDC - % of CD45+	Spleen Immuno Phenotyping	Male	2	MGI:1915293
tm1a(EUCOMM)Wtsi	Spleen	N6amt2	Hom	MGP_IMM_130_001	CD11b-low cDC - % of CD45+	Spleen Immuno Phenotyping	Female	2	MGI:1915293
tm1a(EUCOMM)Wtsi	Spleen	N6amt2	Hom	MGP_IMM_067_001	CD11b-low cDC - % of cDC	Spleen Immuno Phenotyping	Male	2	MGI:1915293
tm1a(EUCOMM)Wtsi	Spleen	N6amt2	Hom	MGP_IMM_067_001	CD11b-low cDC - % of cDC	Spleen Immuno Phenotyping	Female	2	MGI:1915293
tm1a(EUCOMM)Wtsi	Spleen	N6amt2	Hom	MGP_IMM_005_001	CD4+ T helper cells - % of CD4+	Spleen Immuno Phenotyping	Male	2	MGI:1915293
tm1a(EUCOMM)Wtsi	Spleen	N6amt2	Hom	MGP_IMM_005_001	CD4+ T helper cells - % of CD4+	Spleen Immuno Phenotyping	Female	2	MGI:1915293
tm1a(EUCOMM)Wtsi	Spleen	N6amt2	Hom	MGP_IMM_072_001	CD4+ T helper cells - % of CD45+	Spleen Immuno Phenotyping	Male	2	MGI:1915293
tm1a(EUCOMM)Wtsi	Spleen	N6amt2	Hom	MGP_IMM_072_001	CD4+ T helper cells - % of CD45+	Spleen Immuno Phenotyping	Female	2	MGI:1915293
tm1a(EUCOMM)Wtsi	Spleen	N6amt2	Hom	MGP_IMM_086_001	CD5+ gd T cells - % of CD45+	Spleen Immuno Phenotyping	Male	0	MGI:1915293
tm1a(EUCOMM)Wtsi	Spleen	N6amt2	Hom	MGP_IMM_086_001	CD5+ gd T cells - % of CD45+	Spleen Immuno Phenotyping	Female	0	MGI:1915293
tm1a(EUCOMM)Wtsi	Spleen	N6amt2	Hom	MGP_IMM_019_001	CD5+ gd T cells - % of gd T cells	Spleen Immuno Phenotyping	Male	0	MGI:1915293
tm1a(EUCOMM)Wtsi	Spleen	N6amt2	Hom	MGP_IMM_019_001	CD5+ gd T cells - % of gd T cells	Spleen Immuno Phenotyping	Female	0	MGI:1915293
tm1a(EUCOMM)Wtsi	Spleen	N6amt2	Hom	MGP_IMM_128_001	Conventional DC (cDC) - % of CD45+	Spleen Immuno Phenotyping	Male	2	MGI:1915293
tm1a(EUCOMM)Wtsi	Spleen	N6amt2	Hom	MGP_IMM_128_001	Conventional DC (cDC) - % of CD45+	Spleen Immuno Phenotyping	Female	2	MGI:1915293
tm1a(EUCOMM)Wtsi	Spleen	N6amt2	Hom	MGP_IMM_065_001	Conventional DC (cDC) - % of DC	Spleen Immuno Phenotyping	Male	2	MGI:1915293
tm1a(EUCOMM)Wtsi	Spleen	N6amt2	Hom	MGP_IMM_065_001	Conventional DC (cDC) - % of DC	Spleen Immuno Phenotyping	Female	2	MGI:1915293
tm1a(EUCOMM)Wtsi	Spleen	N6amt2	Hom	MGP_IMM_114_001	Early germinal centre B cells - % of CD45+	Spleen Immuno Phenotyping	Male	0	MGI:1915293
tm1a(EUCOMM)Wtsi	Spleen	N6amt2	Hom	MGP_IMM_114_001	Early germinal centre B cells - % of CD45+	Spleen Immuno Phenotyping	Female	0	MGI:1915293
tm1a(EUCOMM)Wtsi	Spleen	N6amt2	Hom	MGP_IMM_050_001	Early germinal centre B cells - % of GC cells	Spleen Immuno Phenotyping	Male	0	MGI:1915293
tm1a(EUCOMM)Wtsi	Spleen	N6amt2	Hom	MGP_IMM_050_001	Early germinal centre B cells - % of GC cells	Spleen Immuno Phenotyping	Female	0	MGI:1915293
tm1a(EUCOMM)Wtsi	Spleen	N6amt2	Hom	MGP_IMM_026_001	Effector CD4- NKT cells - % of CD4- NKT cells	Spleen Immuno Phenotyping	Male	2	MGI:1915293
tm1a(EUCOMM)Wtsi	Spleen	N6amt2	Hom	MGP_IMM_026_001	Effector CD4- NKT cells - % of CD4- NKT cells	Spleen Immuno Phenotyping	Female	2	MGI:1915293
tm1a(EUCOMM)Wtsi	Spleen	N6amt2	Hom	MGP_IMM_092_001	Effector CD4- NKT cells - % of CD45+	Spleen Immuno Phenotyping	Male	2	MGI:1915293
tm1a(EUCOMM)Wtsi	Spleen	N6amt2	Hom	MGP_IMM_092_001	Effector CD4- NKT cells - % of CD45+	Spleen Immuno Phenotyping	Female	2	MGI:1915293
tm1a(EUCOMM)Wtsi	Spleen	N6amt2	Hom	MGP_IMM_030_001	Effector CD4+ NKT cells - % of CD4+ NKT cells	Spleen Immuno Phenotyping	Male	2	MGI:1915293
tm1a(EUCOMM)Wtsi	Spleen	N6amt2	Hom	MGP_IMM_030_001	Effector CD4+ NKT cells - % of CD4+ NKT cells	Spleen Immuno Phenotyping	Female	2	MGI:1915293
tm1a(EUCOMM)Wtsi	Spleen	N6amt2	Hom	MGP_IMM_096_001	Effector CD4+ NKT cells - % of CD45+	Spleen Immuno Phenotyping	Male	2	MGI:1915293
tm1a(EUCOMM)Wtsi	Spleen	N6amt2	Hom	MGP_IMM_096_001	Effector CD4+ NKT cells - % of CD45+	Spleen Immuno Phenotyping	Female	2	MGI:1915293
tm1a(EUCOMM)Wtsi	Spleen	N6amt2	Hom	MGP_IMM_006_001	Effector CD4+ T helper cells - % of CD4+ T helper cells	Spleen Immuno Phenotyping	Male	2	MGI:1915293
tm1a(EUCOMM)Wtsi	Spleen	N6amt2	Hom	MGP_IMM_006_001	Effector CD4+ T helper cells - % of CD4+ T helper cells	Spleen Immuno Phenotyping	Female	2	MGI:1915293
tm1a(EUCOMM)Wtsi	Spleen	N6amt2	Hom	MGP_IMM_073_001	Effector CD4+ T helper cells - % of CD45+	Spleen Immuno Phenotyping	Male	2	MGI:1915293
tm1a(EUCOMM)Wtsi	Spleen	N6amt2	Hom	MGP_IMM_073_001	Effector CD4+ T helper cells - % of CD45+	Spleen Immuno Phenotyping	Female	2	MGI:1915293
tm1a(EUCOMM)Wtsi	Spleen	N6amt2	Hom	MGP_IMM_081_001	Effector CD8+ T cells - % of CD45+	Spleen Immuno Phenotyping	Male	2	MGI:1915293
tm1a(EUCOMM)Wtsi	Spleen	N6amt2	Hom	MGP_IMM_081_001	Effector CD8+ T cells - % of CD45+	Spleen Immuno Phenotyping	Female	2	MGI:1915293
tm1a(EUCOMM)Wtsi	Spleen	N6amt2	Hom	MGP_IMM_014_001	Effector CD8+ T cells - % of CD8+	Spleen Immuno Phenotyping	Male	2	MGI:1915293
tm1a(EUCOMM)Wtsi	Spleen	N6amt2	Hom	MGP_IMM_014_001	Effector CD8+ T cells - % of CD8+	Spleen Immuno Phenotyping	Female	2	MGI:1915293
tm1a(EUCOMM)Wtsi	Spleen	N6amt2	Hom	MGP_IMM_087_001	Effector gd cells - % of CD45+	Spleen Immuno Phenotyping	Male	2	MGI:1915293
tm1a(EUCOMM)Wtsi	Spleen	N6amt2	Hom	MGP_IMM_087_001	Effector gd cells - % of CD45+	Spleen Immuno Phenotyping	Female	2	MGI:1915293
tm1a(EUCOMM)Wtsi	Spleen	N6amt2	Hom	MGP_IMM_020_001	Effector gd T cells - % of gd T cells	Spleen Immuno Phenotyping	Male	2	MGI:1915293
tm1a(EUCOMM)Wtsi	Spleen	N6amt2	Hom	MGP_IMM_020_001	Effector gd T cells - % of gd T cells	Spleen Immuno Phenotyping	Female	2	MGI:1915293
tm1a(EUCOMM)Wtsi	Spleen	N6amt2	Hom	MGP_IMM_099_001	Effector NK cells - % of CD45+	Spleen Immuno Phenotyping	Male	2	MGI:1915293
tm1a(EUCOMM)Wtsi	Spleen	N6amt2	Hom	MGP_IMM_099_001	Effector NK cells - % of CD45+	Spleen Immuno Phenotyping	Female	2	MGI:1915293
tm1a(EUCOMM)Wtsi	Spleen	N6amt2	Hom	MGP_IMM_034_001	Effector NK cells - % of NK cells	Spleen Immuno Phenotyping	Male	2	MGI:1915293
tm1a(EUCOMM)Wtsi	Spleen	N6amt2	Hom	MGP_IMM_034_001	Effector NK cells - % of NK cells	Spleen Immuno Phenotyping	Female	2	MGI:1915293
tm1a(EUCOMM)Wtsi	Spleen	N6amt2	Hom	MGP_IMM_077_001	Effector Treg cells - % of CD45+	Spleen Immuno Phenotyping	Male	2	MGI:1915293
tm1a(EUCOMM)Wtsi	Spleen	N6amt2	Hom	MGP_IMM_077_001	Effector Treg cells - % of CD45+	Spleen Immuno Phenotyping	Female	2	MGI:1915293
tm1a(EUCOMM)Wtsi	Spleen	N6amt2	Hom	MGP_IMM_010_001	Effector Treg cells - % of Treg	Spleen Immuno Phenotyping	Male	2	MGI:1915293
tm1a(EUCOMM)Wtsi	Spleen	N6amt2	Hom	MGP_IMM_010_001	Effector Treg cells - % of Treg	Spleen Immuno Phenotyping	Female	2	MGI:1915293
tm1a(EUCOMM)Wtsi	Spleen	N6amt2	Hom	MGP_IMM_125_001	Eosinophils - % of CD45+	Spleen Immuno Phenotyping	Male	2	MGI:1915293
tm1a(EUCOMM)Wtsi	Spleen	N6amt2	Hom	MGP_IMM_125_001	Eosinophils - % of CD45+	Spleen Immuno Phenotyping	Female	2	MGI:1915293
tm1a(EUCOMM)Wtsi	Spleen	N6amt2	Hom	MGP_IMM_048_001	Follicular B cells - % of B2 cells	Spleen Immuno Phenotyping	Male	2	MGI:1915293
tm1a(EUCOMM)Wtsi	Spleen	N6amt2	Hom	MGP_IMM_048_001	Follicular B cells - % of B2 cells	Spleen Immuno Phenotyping	Female	2	MGI:1915293
tm1a(EUCOMM)Wtsi	Spleen	N6amt2	Hom	MGP_IMM_112_001	Follicular B cells - % of CD45+	Spleen Immuno Phenotyping	Male	2	MGI:1915293
tm1a(EUCOMM)Wtsi	Spleen	N6amt2	Hom	MGP_IMM_112_001	Follicular B cells - % of CD45+	Spleen Immuno Phenotyping	Female	2	MGI:1915293
tm1a(EUCOMM)Wtsi	Spleen	N6amt2	Hom	MGP_IMM_049_001	Germinal centre B cells - % of B2 cells	Spleen Immuno Phenotyping	Male	2	MGI:1915293
tm1a(EUCOMM)Wtsi	Spleen	N6amt2	Hom	MGP_IMM_049_001	Germinal centre B cells - % of B2 cells	Spleen Immuno Phenotyping	Female	2	MGI:1915293
tm1a(EUCOMM)Wtsi	Spleen	N6amt2	Hom	MGP_IMM_113_001	Germinal centre B cells - % of CD45+	Spleen Immuno Phenotyping	Male	2	MGI:1915293
tm1a(EUCOMM)Wtsi	Spleen	N6amt2	Hom	MGP_IMM_113_001	Germinal centre B cells - % of CD45+	Spleen Immuno Phenotyping	Female	2	MGI:1915293
tm1a(EUCOMM)Wtsi	Spleen	N6amt2	Hom	MGP_IMM_123_001	Granulocytes - % of CD45+	Spleen Immuno Phenotyping	Male	0	MGI:1915293
tm1a(EUCOMM)Wtsi	Spleen	N6amt2	Hom	MGP_IMM_123_001	Granulocytes - % of CD45+	Spleen Immuno Phenotyping	Female	0	MGI:1915293
tm1a(EUCOMM)Wtsi	Spleen	N6amt2	Hom	MGP_IMM_102_001	Immature NK cells - % of lymphocytes	Spleen Immuno Phenotyping	Male	0	MGI:1915293
tm1a(EUCOMM)Wtsi	Spleen	N6amt2	Hom	MGP_IMM_102_001	Immature NK cells - % of lymphocytes	Spleen Immuno Phenotyping	Female	0	MGI:1915293
tm1a(EUCOMM)Wtsi	Spleen	N6amt2	Hom	MGP_IMM_037_001	Immature NK cells - % of NK cells	Spleen Immuno Phenotyping	Male	0	MGI:1915293
tm1a(EUCOMM)Wtsi	Spleen	N6amt2	Hom	MGP_IMM_037_001	Immature NK cells - % of NK cells	Spleen Immuno Phenotyping	Female	0	MGI:1915293
tm1a(EUCOMM)Wtsi	Spleen	N6amt2	Hom	MGP_IMM_028_001	KLRG1+ CD4- NKT cells - % of CD4- NKT cells	Spleen Immuno Phenotyping	Male	2	MGI:1915293
tm1a(EUCOMM)Wtsi	Spleen	N6amt2	Hom	MGP_IMM_028_001	KLRG1+ CD4- NKT cells - % of CD4- NKT cells	Spleen Immuno Phenotyping	Female	2	MGI:1915293
tm1a(EUCOMM)Wtsi	Spleen	N6amt2	Hom	MGP_IMM_094_001	KLRG1+ CD4- NKT cells - % of CD45+	Spleen Immuno Phenotyping	Male	2	MGI:1915293
tm1a(EUCOMM)Wtsi	Spleen	N6amt2	Hom	MGP_IMM_094_001	KLRG1+ CD4- NKT cells - % of CD45+	Spleen Immuno Phenotyping	Female	2	MGI:1915293
tm1a(EUCOMM)Wtsi	Spleen	N6amt2	Hom	MGP_IMM_098_001	KLRG1+ CD4+ NKT cells - % of CD45+	Spleen Immuno Phenotyping	Male	2	MGI:1915293
tm1a(EUCOMM)Wtsi	Spleen	N6amt2	Hom	MGP_IMM_098_001	KLRG1+ CD4+ NKT cells - % of CD45+	Spleen Immuno Phenotyping	Female	2	MGI:1915293
tm1a(EUCOMM)Wtsi	Spleen	N6amt2	Hom	MGP_IMM_008_001	KLRG1+ CD4+ T helper cells - % of CD4+ T helper cells	Spleen Immuno Phenotyping	Male	2	MGI:1915293
tm1a(EUCOMM)Wtsi	Spleen	N6amt2	Hom	MGP_IMM_008_001	KLRG1+ CD4+ T helper cells - % of CD4+ T helper cells	Spleen Immuno Phenotyping	Female	2	MGI:1915293
tm1a(EUCOMM)Wtsi	Spleen	N6amt2	Hom	MGP_IMM_075_001	KLRG1+ CD4+ T helper cells - % of CD45+	Spleen Immuno Phenotyping	Male	2	MGI:1915293
tm1a(EUCOMM)Wtsi	Spleen	N6amt2	Hom	MGP_IMM_075_001	KLRG1+ CD4+ T helper cells - % of CD45+	Spleen Immuno Phenotyping	Female	2	MGI:1915293
tm1a(EUCOMM)Wtsi	Spleen	N6amt2	Hom	MGP_IMM_084_001	KLRG1+ CD8+ T cells - % of CD45+	Spleen Immuno Phenotyping	Male	2	MGI:1915293
tm1a(EUCOMM)Wtsi	Spleen	N6amt2	Hom	MGP_IMM_084_001	KLRG1+ CD8+ T cells - % of CD45+	Spleen Immuno Phenotyping	Female	2	MGI:1915293
tm1a(EUCOMM)Wtsi	Spleen	N6amt2	Hom	MGP_IMM_017_001	KLRG1+ CD8+ T cells - % of CD8+	Spleen Immuno Phenotyping	Male	2	MGI:1915293
tm1a(EUCOMM)Wtsi	Spleen	N6amt2	Hom	MGP_IMM_017_001	KLRG1+ CD8+ T cells - % of CD8+	Spleen Immuno Phenotyping	Female	2	MGI:1915293
tm1a(EUCOMM)Wtsi	Spleen	N6amt2	Hom	MGP_IMM_089_001	KLRG1+ gd T cells - % of CD45+	Spleen Immuno Phenotyping	Male	2	MGI:1915293
tm1a(EUCOMM)Wtsi	Spleen	N6amt2	Hom	MGP_IMM_089_001	KLRG1+ gd T cells - % of CD45+	Spleen Immuno Phenotyping	Female	2	MGI:1915293
tm1a(EUCOMM)Wtsi	Spleen	N6amt2	Hom	MGP_IMM_022_001	KLRG1+ gd T cells - % of gd T cells	Spleen Immuno Phenotyping	Male	2	MGI:1915293
tm1a(EUCOMM)Wtsi	Spleen	N6amt2	Hom	MGP_IMM_022_001	KLRG1+ gd T cells - % of gd T cells	Spleen Immuno Phenotyping	Female	2	MGI:1915293
tm1a(EUCOMM)Wtsi	Spleen	N6amt2	Hom	MGP_IMM_101_001	KLRG1+ NK cells - % of CD45+	Spleen Immuno Phenotyping	Male	2	MGI:1915293
tm1a(EUCOMM)Wtsi	Spleen	N6amt2	Hom	MGP_IMM_101_001	KLRG1+ NK cells - % of CD45+	Spleen Immuno Phenotyping	Female	2	MGI:1915293
tm1a(EUCOMM)Wtsi	Spleen	N6amt2	Hom	MGP_IMM_036_001	KLRG1+ NK cells - % of NK cells	Spleen Immuno Phenotyping	Male	2	MGI:1915293
tm1a(EUCOMM)Wtsi	Spleen	N6amt2	Hom	MGP_IMM_036_001	KLRG1+ NK cells - % of NK cells	Spleen Immuno Phenotyping	Female	2	MGI:1915293
tm1a(EUCOMM)Wtsi	Spleen	N6amt2	Hom	MGP_IMM_079_001	KLRG1+ Treg cells - % of CD45+	Spleen Immuno Phenotyping	Male	2	MGI:1915293
tm1a(EUCOMM)Wtsi	Spleen	N6amt2	Hom	MGP_IMM_079_001	KLRG1+ Treg cells - % of CD45+	Spleen Immuno Phenotyping	Female	2	MGI:1915293
tm1a(EUCOMM)Wtsi	Spleen	N6amt2	Hom	MGP_IMM_012_001	KLRG1+ Treg cells - % of Treg	Spleen Immuno Phenotyping	Male	2	MGI:1915293
tm1a(EUCOMM)Wtsi	Spleen	N6amt2	Hom	MGP_IMM_012_001	KLRG1+ Treg cells - % of Treg	Spleen Immuno Phenotyping	Female	2	MGI:1915293
tm1a(EUCOMM)Wtsi	Spleen	N6amt2	Hom	MGP_IMM_115_001	Late germinal centre B cells - % of CD45+	Spleen Immuno Phenotyping	Male	0	MGI:1915293
tm1a(EUCOMM)Wtsi	Spleen	N6amt2	Hom	MGP_IMM_115_001	Late germinal centre B cells - % of CD45+	Spleen Immuno Phenotyping	Female	0	MGI:1915293
tm1a(EUCOMM)Wtsi	Spleen	N6amt2	Hom	MGP_IMM_051_001	Late germinal centre B cells - % of GC cells	Spleen Immuno Phenotyping	Male	0	MGI:1915293
tm1a(EUCOMM)Wtsi	Spleen	N6amt2	Hom	MGP_IMM_051_001	Late germinal centre B cells - % of GC cells	Spleen Immuno Phenotyping	Female	0	MGI:1915293
tm1a(EUCOMM)Wtsi	Spleen	N6amt2	Hom	MGP_IMM_038_001	Ly6C+ immature NK cells - % of immature NK cells	Spleen Immuno Phenotyping	Male	0	MGI:1915293
tm1a(EUCOMM)Wtsi	Spleen	N6amt2	Hom	MGP_IMM_038_001	Ly6C+ immature NK cells - % of immature NK cells	Spleen Immuno Phenotyping	Female	0	MGI:1915293
tm1a(EUCOMM)Wtsi	Spleen	N6amt2	Hom	MGP_IMM_103_001	Ly6C+ immature NK cells - % of lymphocytes	Spleen Immuno Phenotyping	Male	0	MGI:1915293
tm1a(EUCOMM)Wtsi	Spleen	N6amt2	Hom	MGP_IMM_103_001	Ly6C+ immature NK cells - % of lymphocytes	Spleen Immuno Phenotyping	Female	0	MGI:1915293
tm1a(EUCOMM)Wtsi	Spleen	N6amt2	Hom	MGP_IMM_105_001	Ly6C+ mature NK cells - % of lymphocytes	Spleen Immuno Phenotyping	Male	0	MGI:1915293
tm1a(EUCOMM)Wtsi	Spleen	N6amt2	Hom	MGP_IMM_105_001	Ly6C+ mature NK cells - % of lymphocytes	Spleen Immuno Phenotyping	Female	0	MGI:1915293
tm1a(EUCOMM)Wtsi	Spleen	N6amt2	Hom	MGP_IMM_040_001	Ly6C+ mature NK cells - % of mature NK cells	Spleen Immuno Phenotyping	Male	0	MGI:1915293
tm1a(EUCOMM)Wtsi	Spleen	N6amt2	Hom	MGP_IMM_040_001	Ly6C+ mature NK cells - % of mature NK cells	Spleen Immuno Phenotyping	Female	0	MGI:1915293
tm1a(EUCOMM)Wtsi	Spleen	N6amt2	Hom	MGP_IMM_090_001	Ly6C+ NKT cells - % of lymphocytes	Spleen Immuno Phenotyping	Male	0	MGI:1915293
tm1a(EUCOMM)Wtsi	Spleen	N6amt2	Hom	MGP_IMM_090_001	Ly6C+ NKT cells - % of lymphocytes	Spleen Immuno Phenotyping	Female	0	MGI:1915293
tm1a(EUCOMM)Wtsi	Spleen	N6amt2	Hom	MGP_IMM_024_001	Ly6C+ NKT cells - % of NKT cells	Spleen Immuno Phenotyping	Male	0	MGI:1915293
tm1a(EUCOMM)Wtsi	Spleen	N6amt2	Hom	MGP_IMM_024_001	Ly6C+ NKT cells - % of NKT cells	Spleen Immuno Phenotyping	Female	0	MGI:1915293
tm1a(EUCOMM)Wtsi	Spleen	N6amt2	Hom	MGP_IMM_121_001	Macrophages - % of CD45+	Spleen Immuno Phenotyping	Male	2	MGI:1915293
tm1a(EUCOMM)Wtsi	Spleen	N6amt2	Hom	MGP_IMM_121_001	Macrophages - % of CD45+	Spleen Immuno Phenotyping	Female	2	MGI:1915293
tm1a(EUCOMM)Wtsi	Spleen	N6amt2	Hom	MGP_IMM_044_001	Marginal zone B cells - % of B2 cells	Spleen Immuno Phenotyping	Male	0	MGI:1915293
tm1a(EUCOMM)Wtsi	Spleen	N6amt2	Hom	MGP_IMM_044_001	Marginal zone B cells - % of B2 cells	Spleen Immuno Phenotyping	Female	0	MGI:1915293
tm1a(EUCOMM)Wtsi	Spleen	N6amt2	Hom	MGP_IMM_108_001	Marginal zone B cells - % of CD45+	Spleen Immuno Phenotyping	Male	0	MGI:1915293
tm1a(EUCOMM)Wtsi	Spleen	N6amt2	Hom	MGP_IMM_108_001	Marginal zone B cells - % of CD45+	Spleen Immuno Phenotyping	Female	0	MGI:1915293
tm1a(EUCOMM)Wtsi	Spleen	N6amt2	Hom	MGP_IMM_045_001	Marginal zone precursor B cells - % of B2 cells	Spleen Immuno Phenotyping	Male	0	MGI:1915293
tm1a(EUCOMM)Wtsi	Spleen	N6amt2	Hom	MGP_IMM_045_001	Marginal zone precursor B cells - % of B2 cells	Spleen Immuno Phenotyping	Female	0	MGI:1915293
tm1a(EUCOMM)Wtsi	Spleen	N6amt2	Hom	MGP_IMM_109_001	Marginal zone precursor B cells - % of CD45+	Spleen Immuno Phenotyping	Male	0	MGI:1915293
tm1a(EUCOMM)Wtsi	Spleen	N6amt2	Hom	MGP_IMM_109_001	Marginal zone precursor B cells - % of CD45+	Spleen Immuno Phenotyping	Female	0	MGI:1915293
tm1a(EUCOMM)Wtsi	Spleen	N6amt2	Hom	MGP_IMM_104_001	Mature NK cells - % of lymphocytes	Spleen Immuno Phenotyping	Male	0	MGI:1915293
tm1a(EUCOMM)Wtsi	Spleen	N6amt2	Hom	MGP_IMM_104_001	Mature NK cells - % of lymphocytes	Spleen Immuno Phenotyping	Female	0	MGI:1915293
tm1a(EUCOMM)Wtsi	Spleen	N6amt2	Hom	MGP_IMM_039_001	Mature NK cells - % of NK cellls	Spleen Immuno Phenotyping	Male	0	MGI:1915293
tm1a(EUCOMM)Wtsi	Spleen	N6amt2	Hom	MGP_IMM_039_001	Mature NK cells - % of NK cellls	Spleen Immuno Phenotyping	Female	0	MGI:1915293
tm1a(EUCOMM)Wtsi	Spleen	N6amt2	Hom	MGP_IMM_124_001	Monocytes - % of CD45+	Spleen Immuno Phenotyping	Male	0	MGI:1915293
tm1a(EUCOMM)Wtsi	Spleen	N6amt2	Hom	MGP_IMM_124_001	Monocytes - % of CD45+	Spleen Immuno Phenotyping	Female	0	MGI:1915293
tm1a(EUCOMM)Wtsi	Spleen	N6amt2	Hom	MGP_IMM_083_001	Naive CD8+ T cells - % of CD45+	Spleen Immuno Phenotyping	Male	2	MGI:1915293
tm1a(EUCOMM)Wtsi	Spleen	N6amt2	Hom	MGP_IMM_083_001	Naive CD8+ T cells - % of CD45+	Spleen Immuno Phenotyping	Female	2	MGI:1915293
tm1a(EUCOMM)Wtsi	Spleen	N6amt2	Hom	MGP_IMM_016_001	Naive CD8+ T cells - % of CD8+	Spleen Immuno Phenotyping	Male	2	MGI:1915293
tm1a(EUCOMM)Wtsi	Spleen	N6amt2	Hom	MGP_IMM_016_001	Naive CD8+ T cells - % of CD8+	Spleen Immuno Phenotyping	Female	2	MGI:1915293
tm1a(EUCOMM)Wtsi	Spleen	N6amt2	Hom	MGP_IMM_052_001	Plasma cells - % of B2 cells	Spleen Immuno Phenotyping	Male	0	MGI:1915293
tm1a(EUCOMM)Wtsi	Spleen	N6amt2	Hom	MGP_IMM_052_001	Plasma cells - % of B2 cells	Spleen Immuno Phenotyping	Female	0	MGI:1915293
tm1a(EUCOMM)Wtsi	Spleen	N6amt2	Hom	MGP_IMM_116_001	Plasma cells - % of CD45+	Spleen Immuno Phenotyping	Male	0	MGI:1915293
tm1a(EUCOMM)Wtsi	Spleen	N6amt2	Hom	MGP_IMM_116_001	Plasma cells - % of CD45+	Spleen Immuno Phenotyping	Female	0	MGI:1915293
tm1a(EUCOMM)Wtsi	Spleen	N6amt2	Hom	MGP_IMM_127_001	Plasmacytoid DC - % of CD45+	Spleen Immuno Phenotyping	Male	2	MGI:1915293
tm1a(EUCOMM)Wtsi	Spleen	N6amt2	Hom	MGP_IMM_127_001	Plasmacytoid DC - % of CD45+	Spleen Immuno Phenotyping	Female	2	MGI:1915293
tm1a(EUCOMM)Wtsi	Spleen	N6amt2	Hom	MGP_IMM_064_001	Plasmacytoid DC - % of DC	Spleen Immuno Phenotyping	Male	2	MGI:1915293
tm1a(EUCOMM)Wtsi	Spleen	N6amt2	Hom	MGP_IMM_064_001	Plasmacytoid DC - % of DC	Spleen Immuno Phenotyping	Female	2	MGI:1915293
tm1a(EUCOMM)Wtsi	Spleen	N6amt2	Hom	MGP_IMM_027_001	Resting CD4- NKT cells - % of CD4- NKT cells	Spleen Immuno Phenotyping	Male	2	MGI:1915293
tm1a(EUCOMM)Wtsi	Spleen	N6amt2	Hom	MGP_IMM_027_001	Resting CD4- NKT cells - % of CD4- NKT cells	Spleen Immuno Phenotyping	Female	2	MGI:1915293
tm1a(EUCOMM)Wtsi	Spleen	N6amt2	Hom	MGP_IMM_093_001	Resting CD4- NKT cells - % of CD45+	Spleen Immuno Phenotyping	Male	2	MGI:1915293
tm1a(EUCOMM)Wtsi	Spleen	N6amt2	Hom	MGP_IMM_093_001	Resting CD4- NKT cells - % of CD45+	Spleen Immuno Phenotyping	Female	2	MGI:1915293
tm1a(EUCOMM)Wtsi	Spleen	N6amt2	Hom	MGP_IMM_031_001	Resting CD4+ NKT cells - % of CD4+ NKT cells	Spleen Immuno Phenotyping	Male	2	MGI:1915293
tm1a(EUCOMM)Wtsi	Spleen	N6amt2	Hom	MGP_IMM_031_001	Resting CD4+ NKT cells - % of CD4+ NKT cells	Spleen Immuno Phenotyping	Female	2	MGI:1915293
tm1a(EUCOMM)Wtsi	Spleen	N6amt2	Hom	MGP_IMM_097_001	Resting CD4+ NKT cells - % of CD45+	Spleen Immuno Phenotyping	Male	2	MGI:1915293
tm1a(EUCOMM)Wtsi	Spleen	N6amt2	Hom	MGP_IMM_097_001	Resting CD4+ NKT cells - % of CD45+	Spleen Immuno Phenotyping	Female	2	MGI:1915293
tm1a(EUCOMM)Wtsi	Spleen	N6amt2	Hom	MGP_IMM_007_001	Resting CD4+ T helper cells - % of CD4+ T helper cells	Spleen Immuno Phenotyping	Male	2	MGI:1915293
tm1a(EUCOMM)Wtsi	Spleen	N6amt2	Hom	MGP_IMM_007_001	Resting CD4+ T helper cells - % of CD4+ T helper cells	Spleen Immuno Phenotyping	Female	2	MGI:1915293
tm1a(EUCOMM)Wtsi	Spleen	N6amt2	Hom	MGP_IMM_074_001	Resting CD4+ T helper cells - % of CD45+	Spleen Immuno Phenotyping	Male	2	MGI:1915293
tm1a(EUCOMM)Wtsi	Spleen	N6amt2	Hom	MGP_IMM_074_001	Resting CD4+ T helper cells - % of CD45+	Spleen Immuno Phenotyping	Female	2	MGI:1915293
tm1a(EUCOMM)Wtsi	Spleen	N6amt2	Hom	MGP_IMM_082_001	Resting CD8+ T cells - % of CD45+	Spleen Immuno Phenotyping	Male	2	MGI:1915293
tm1a(EUCOMM)Wtsi	Spleen	N6amt2	Hom	MGP_IMM_082_001	Resting CD8+ T cells - % of CD45+	Spleen Immuno Phenotyping	Female	2	MGI:1915293
tm1a(EUCOMM)Wtsi	Spleen	N6amt2	Hom	MGP_IMM_015_001	Resting CD8+ T cells - % of CD8+	Spleen Immuno Phenotyping	Male	2	MGI:1915293
tm1a(EUCOMM)Wtsi	Spleen	N6amt2	Hom	MGP_IMM_015_001	Resting CD8+ T cells - % of CD8+	Spleen Immuno Phenotyping	Female	2	MGI:1915293
tm1a(EUCOMM)Wtsi	Spleen	N6amt2	Hom	MGP_IMM_088_001	Resting gd T cells - % of CD45+	Spleen Immuno Phenotyping	Male	2	MGI:1915293
tm1a(EUCOMM)Wtsi	Spleen	N6amt2	Hom	MGP_IMM_088_001	Resting gd T cells - % of CD45+	Spleen Immuno Phenotyping	Female	2	MGI:1915293
tm1a(EUCOMM)Wtsi	Spleen	N6amt2	Hom	MGP_IMM_021_001	Resting gd T cells - % of gd T cells	Spleen Immuno Phenotyping	Male	2	MGI:1915293
tm1a(EUCOMM)Wtsi	Spleen	N6amt2	Hom	MGP_IMM_021_001	Resting gd T cells - % of gd T cells	Spleen Immuno Phenotyping	Female	2	MGI:1915293
tm1a(EUCOMM)Wtsi	Spleen	N6amt2	Hom	MGP_IMM_100_001	Resting NK cells - % of CD45+	Spleen Immuno Phenotyping	Male	2	MGI:1915293
tm1a(EUCOMM)Wtsi	Spleen	N6amt2	Hom	MGP_IMM_100_001	Resting NK cells - % of CD45+	Spleen Immuno Phenotyping	Female	2	MGI:1915293
tm1a(EUCOMM)Wtsi	Spleen	N6amt2	Hom	MGP_IMM_035_001	Resting NK cells - % of NK cells	Spleen Immuno Phenotyping	Male	2	MGI:1915293
tm1a(EUCOMM)Wtsi	Spleen	N6amt2	Hom	MGP_IMM_035_001	Resting NK cells - % of NK cells	Spleen Immuno Phenotyping	Female	2	MGI:1915293
tm1a(EUCOMM)Wtsi	Spleen	N6amt2	Hom	MGP_IMM_078_001	Resting Treg cells - % of CD45+	Spleen Immuno Phenotyping	Male	2	MGI:1915293
tm1a(EUCOMM)Wtsi	Spleen	N6amt2	Hom	MGP_IMM_078_001	Resting Treg cells - % of CD45+	Spleen Immuno Phenotyping	Female	2	MGI:1915293
tm1a(EUCOMM)Wtsi	Spleen	N6amt2	Hom	MGP_IMM_011_001	Resting Treg cells - % of Treg	Spleen Immuno Phenotyping	Male	2	MGI:1915293
tm1a(EUCOMM)Wtsi	Spleen	N6amt2	Hom	MGP_IMM_011_001	Resting Treg cells - % of Treg	Spleen Immuno Phenotyping	Female	2	MGI:1915293
tm1a(EUCOMM)Wtsi	Spleen	N6amt2	Hom	MGP_IMM_070_001	Total ab T cells - % of CD45+	Spleen Immuno Phenotyping	Male	2	MGI:1915293
tm1a(EUCOMM)Wtsi	Spleen	N6amt2	Hom	MGP_IMM_070_001	Total ab T cells - % of CD45+	Spleen Immuno Phenotyping	Female	2	MGI:1915293
tm1a(EUCOMM)Wtsi	Spleen	N6amt2	Hom	MGP_IMM_041_001	Total B cells - % of CD45+	Spleen Immuno Phenotyping	Male	2	MGI:1915293
tm1a(EUCOMM)Wtsi	Spleen	N6amt2	Hom	MGP_IMM_041_001	Total B cells - % of CD45+	Spleen Immuno Phenotyping	Female	2	MGI:1915293
tm1a(EUCOMM)Wtsi	Spleen	N6amt2	Hom	MGP_IMM_107_001	Total B2 cells - % of CD45+	Spleen Immuno Phenotyping	Male	2	MGI:1915293
tm1a(EUCOMM)Wtsi	Spleen	N6amt2	Hom	MGP_IMM_107_001	Total B2 cells - % of CD45+	Spleen Immuno Phenotyping	Female	2	MGI:1915293
tm1a(EUCOMM)Wtsi	Spleen	N6amt2	Hom	MGP_IMM_091_001	Total CD4- NKT cells - % of CD45+	Spleen Immuno Phenotyping	Male	2	MGI:1915293
tm1a(EUCOMM)Wtsi	Spleen	N6amt2	Hom	MGP_IMM_091_001	Total CD4- NKT cells - % of CD45+	Spleen Immuno Phenotyping	Female	2	MGI:1915293
tm1a(EUCOMM)Wtsi	Spleen	N6amt2	Hom	MGP_IMM_025_001	Total CD4- NKT cells - % of NKT cells	Spleen Immuno Phenotyping	Male	2	MGI:1915293
tm1a(EUCOMM)Wtsi	Spleen	N6amt2	Hom	MGP_IMM_025_001	Total CD4- NKT cells - % of NKT cells	Spleen Immuno Phenotyping	Female	2	MGI:1915293
tm1a(EUCOMM)Wtsi	Spleen	N6amt2	Hom	MGP_IMM_095_001	Total CD4+ NKT cells - % of CD45+	Spleen Immuno Phenotyping	Male	2	MGI:1915293
tm1a(EUCOMM)Wtsi	Spleen	N6amt2	Hom	MGP_IMM_095_001	Total CD4+ NKT cells - % of CD45+	Spleen Immuno Phenotyping	Female	2	MGI:1915293
tm1a(EUCOMM)Wtsi	Spleen	N6amt2	Hom	MGP_IMM_029_001	Total CD4+ NKT cells - % of NKT cells	Spleen Immuno Phenotyping	Male	2	MGI:1915293
tm1a(EUCOMM)Wtsi	Spleen	N6amt2	Hom	MGP_IMM_029_001	Total CD4+ NKT cells - % of NKT cells	Spleen Immuno Phenotyping	Female	2	MGI:1915293
tm1a(EUCOMM)Wtsi	Spleen	N6amt2	Hom	MGP_IMM_004_001	Total CD4+ T cells - % of ab T cells	Spleen Immuno Phenotyping	Male	2	MGI:1915293
tm1a(EUCOMM)Wtsi	Spleen	N6amt2	Hom	MGP_IMM_004_001	Total CD4+ T cells - % of ab T cells	Spleen Immuno Phenotyping	Female	2	MGI:1915293
tm1a(EUCOMM)Wtsi	Spleen	N6amt2	Hom	MGP_IMM_071_001	Total CD4+ T cells - % of CD45+	Spleen Immuno Phenotyping	Male	2	MGI:1915293
tm1a(EUCOMM)Wtsi	Spleen	N6amt2	Hom	MGP_IMM_071_001	Total CD4+ T cells - % of CD45+	Spleen Immuno Phenotyping	Female	2	MGI:1915293
tm1a(EUCOMM)Wtsi	Spleen	N6amt2	Hom	MGP_IMM_013_001	Total CD8+ T cells - % of ab T cells	Spleen Immuno Phenotyping	Male	2	MGI:1915293
tm1a(EUCOMM)Wtsi	Spleen	N6amt2	Hom	MGP_IMM_013_001	Total CD8+ T cells - % of ab T cells	Spleen Immuno Phenotyping	Female	2	MGI:1915293
tm1a(EUCOMM)Wtsi	Spleen	N6amt2	Hom	MGP_IMM_080_001	Total CD8+ T cells - % of CD45+	Spleen Immuno Phenotyping	Male	2	MGI:1915293
tm1a(EUCOMM)Wtsi	Spleen	N6amt2	Hom	MGP_IMM_080_001	Total CD8+ T cells - % of CD45+	Spleen Immuno Phenotyping	Female	2	MGI:1915293
tm1a(EUCOMM)Wtsi	Spleen	N6amt2	Hom	MGP_IMM_126_001	Total DC - % of CD45+	Spleen Immuno Phenotyping	Male	2	MGI:1915293
tm1a(EUCOMM)Wtsi	Spleen	N6amt2	Hom	MGP_IMM_126_001	Total DC - % of CD45+	Spleen Immuno Phenotyping	Female	2	MGI:1915293
tm1a(EUCOMM)Wtsi	Spleen	N6amt2	Hom	MGP_IMM_085_001	Total gd T cells - % of CD45+	Spleen Immuno Phenotyping	Male	2	MGI:1915293
tm1a(EUCOMM)Wtsi	Spleen	N6amt2	Hom	MGP_IMM_085_001	Total gd T cells - % of CD45+	Spleen Immuno Phenotyping	Female	2	MGI:1915293
tm1a(EUCOMM)Wtsi	Spleen	N6amt2	Hom	MGP_IMM_033_001	Total NK cells - % of CD45+	Spleen Immuno Phenotyping	Male	2	MGI:1915293
tm1a(EUCOMM)Wtsi	Spleen	N6amt2	Hom	MGP_IMM_033_001	Total NK cells - % of CD45+	Spleen Immuno Phenotyping	Female	2	MGI:1915293
tm1a(EUCOMM)Wtsi	Spleen	N6amt2	Hom	MGP_IMM_023_001	Total NKT cells - % of CD45+	Spleen Immuno Phenotyping	Male	2	MGI:1915293
tm1a(EUCOMM)Wtsi	Spleen	N6amt2	Hom	MGP_IMM_023_001	Total NKT cells - % of CD45+	Spleen Immuno Phenotyping	Female	2	MGI:1915293
tm1a(EUCOMM)Wtsi	Spleen	N6amt2	Hom	MGP_IMM_001_001	Total T cells - % of CD45+	Spleen Immuno Phenotyping	Male	2	MGI:1915293
tm1a(EUCOMM)Wtsi	Spleen	N6amt2	Hom	MGP_IMM_001_001	Total T cells - % of CD45+	Spleen Immuno Phenotyping	Female	2	MGI:1915293
tm1a(EUCOMM)Wtsi	Spleen	N6amt2	Hom	MGP_IMM_009_001	Total Treg cells - % of CD4+	Spleen Immuno Phenotyping	Male	2	MGI:1915293
tm1a(EUCOMM)Wtsi	Spleen	N6amt2	Hom	MGP_IMM_009_001	Total Treg cells - % of CD4+	Spleen Immuno Phenotyping	Female	2	MGI:1915293
tm1a(EUCOMM)Wtsi	Spleen	N6amt2	Hom	MGP_IMM_076_001	Total Treg cells - % of CD45+	Spleen Immuno Phenotyping	Male	2	MGI:1915293
tm1a(EUCOMM)Wtsi	Spleen	N6amt2	Hom	MGP_IMM_076_001	Total Treg cells - % of CD45+	Spleen Immuno Phenotyping	Female	2	MGI:1915293
tm1a(EUCOMM)Wtsi	Spleen	N6amt2	Hom	MGP_IMM_046_001	Transitional 1 B cells - % of B2 cells	Spleen Immuno Phenotyping	Male	0	MGI:1915293
tm1a(EUCOMM)Wtsi	Spleen	N6amt2	Hom	MGP_IMM_046_001	Transitional 1 B cells - % of B2 cells	Spleen Immuno Phenotyping	Female	0	MGI:1915293
tm1a(EUCOMM)Wtsi	Spleen	N6amt2	Hom	MGP_IMM_110_001	Transitional 1 B cells - % of CD45+	Spleen Immuno Phenotyping	Male	0	MGI:1915293
tm1a(EUCOMM)Wtsi	Spleen	N6amt2	Hom	MGP_IMM_110_001	Transitional 1 B cells - % of CD45+	Spleen Immuno Phenotyping	Female	0	MGI:1915293
tm1a(EUCOMM)Wtsi	Spleen	N6amt2	Hom	MGP_IMM_047_001	Transitional 2 B cells - % of B2 cells	Spleen Immuno Phenotyping	Male	0	MGI:1915293
tm1a(EUCOMM)Wtsi	Spleen	N6amt2	Hom	MGP_IMM_047_001	Transitional 2 B cells - % of B2 cells	Spleen Immuno Phenotyping	Female	0	MGI:1915293
tm1a(EUCOMM)Wtsi	Spleen	N6amt2	Hom	MGP_IMM_111_001	Transitional 2 B cells - % of CD45+	Spleen Immuno Phenotyping	Male	0	MGI:1915293
tm1a(EUCOMM)Wtsi	Spleen	N6amt2	Hom	MGP_IMM_111_001	Transitional 2 B cells - % of CD45+	Spleen Immuno Phenotyping	Female	0	MGI:1915293
tm1a(EUCOMM)Wtsi	Spleen	N6amt2	Hom	MGP_IMM_032_001	KLRG1+ CD4+ NKT cells - % of CD4+ NKT cells	Spleen Immuno Phenotyping	Male	2	MGI:1915293
tm1a(EUCOMM)Wtsi	Spleen	N6amt2	Hom	MGP_IMM_032_001	KLRG1+ CD4+ NKT cells - % of CD4+ NKT cells	Spleen Immuno Phenotyping	Female	2	MGI:1915293
tm1a(EUCOMM)Wtsi	Spleen	N6amt2	Hom	MGP_IMM_053_001	Memory B cells - % of B2 cells	Spleen Immuno Phenotyping	Male	0	MGI:1915293
tm1a(EUCOMM)Wtsi	Spleen	N6amt2	Hom	MGP_IMM_053_001	Memory B cells - % of B2 cells	Spleen Immuno Phenotyping	Female	0	MGI:1915293
tm1a(EUCOMM)Wtsi	Spleen	N6amt2	Hom	MGP_IMM_117_001	Memory B cells - % of CD45+	Spleen Immuno Phenotyping	Male	0	MGI:1915293
tm1a(EUCOMM)Wtsi	Spleen	N6amt2	Hom	MGP_IMM_117_001	Memory B cells - % of CD45+	Spleen Immuno Phenotyping	Female	0	MGI:1915293
tm1a(EUCOMM)Wtsi	Peripheral Blood Leukocytes	N6amt2	Hom	MGP_PBI_001_001	Total T cell percentage	Whole blood peripheral blood leukocyte immunophenotyping	Female	2	MGI:1915293
tm1a(EUCOMM)Wtsi	Peripheral Blood Leukocytes	N6amt2	Hom	MGP_PBI_001_001	Total T cell percentage	Whole blood peripheral blood leukocyte immunophenotyping	Male	2	MGI:1915293
tm1a(EUCOMM)Wtsi	Peripheral Blood Leukocytes	N6amt2	Hom	MGP_PBI_002_001	Alpha beta T cell percentage	Whole blood peripheral blood leukocyte immunophenotyping	Female	2	MGI:1915293
tm1a(EUCOMM)Wtsi	Peripheral Blood Leukocytes	N6amt2	Hom	MGP_PBI_002_001	Alpha beta T cell percentage	Whole blood peripheral blood leukocyte immunophenotyping	Male	2	MGI:1915293
tm1a(EUCOMM)Wtsi	Peripheral Blood Leukocytes	N6amt2	Hom	MGP_PBI_003_001	CD4+ alpha beta T cell percentage	Whole blood peripheral blood leukocyte immunophenotyping	Female	2	MGI:1915293
tm1a(EUCOMM)Wtsi	Peripheral Blood Leukocytes	N6amt2	Hom	MGP_PBI_003_001	CD4+ alpha beta T cell percentage	Whole blood peripheral blood leukocyte immunophenotyping	Male	2	MGI:1915293
tm1a(EUCOMM)Wtsi	Peripheral Blood Leukocytes	N6amt2	Hom	MGP_PBI_004_001	CD8+ alpha beta T cell percentage	Whole blood peripheral blood leukocyte immunophenotyping	Female	2	MGI:1915293
tm1a(EUCOMM)Wtsi	Peripheral Blood Leukocytes	N6amt2	Hom	MGP_PBI_004_001	CD8+ alpha beta T cell percentage	Whole blood peripheral blood leukocyte immunophenotyping	Male	2	MGI:1915293
tm1a(EUCOMM)Wtsi	Peripheral Blood Leukocytes	N6amt2	Hom	MGP_PBI_005_001	Gamma delta T cell percentage	Whole blood peripheral blood leukocyte immunophenotyping	Female	2	MGI:1915293
tm1a(EUCOMM)Wtsi	Peripheral Blood Leukocytes	N6amt2	Hom	MGP_PBI_005_001	Gamma delta T cell percentage	Whole blood peripheral blood leukocyte immunophenotyping	Male	2	MGI:1915293
tm1a(EUCOMM)Wtsi	Peripheral Blood Leukocytes	N6amt2	Hom	MGP_PBI_006_001	NKT cell percentage	Whole blood peripheral blood leukocyte immunophenotyping	Female	2	MGI:1915293
tm1a(EUCOMM)Wtsi	Peripheral Blood Leukocytes	N6amt2	Hom	MGP_PBI_006_001	NKT cell percentage	Whole blood peripheral blood leukocyte immunophenotyping	Male	2	MGI:1915293
tm1a(EUCOMM)Wtsi	Peripheral Blood Leukocytes	N6amt2	Hom	MGP_PBI_007_001	NK cell percentage	Whole blood peripheral blood leukocyte immunophenotyping	Female	2	MGI:1915293
tm1a(EUCOMM)Wtsi	Peripheral Blood Leukocytes	N6amt2	Hom	MGP_PBI_007_001	NK cell percentage	Whole blood peripheral blood leukocyte immunophenotyping	Male	2	MGI:1915293
tm1a(EUCOMM)Wtsi	Peripheral Blood Leukocytes	N6amt2	Hom	MGP_PBI_008_001	CD4+ CD25+ alpha beta regulatory T cell percentage	Whole blood peripheral blood leukocyte immunophenotyping	Female	2	MGI:1915293
tm1a(EUCOMM)Wtsi	Peripheral Blood Leukocytes	N6amt2	Hom	MGP_PBI_008_001	CD4+ CD25+ alpha beta regulatory T cell percentage	Whole blood peripheral blood leukocyte immunophenotyping	Male	2	MGI:1915293
tm1a(EUCOMM)Wtsi	Peripheral Blood Leukocytes	N6amt2	Hom	MGP_PBI_009_001	CD4+ CD44+ CD62L- alpha beta effector T cell percentage	Whole blood peripheral blood leukocyte immunophenotyping	Female	2	MGI:1915293
tm1a(EUCOMM)Wtsi	Peripheral Blood Leukocytes	N6amt2	Hom	MGP_PBI_009_001	CD4+ CD44+ CD62L- alpha beta effector T cell percentage	Whole blood peripheral blood leukocyte immunophenotyping	Male	2	MGI:1915293
tm1a(EUCOMM)Wtsi	Peripheral Blood Leukocytes	N6amt2	Hom	MGP_PBI_010_001	CD8+ CD44+ CD62L- alpha beta effector T cell percentage	Whole blood peripheral blood leukocyte immunophenotyping	Female	2	MGI:1915293
tm1a(EUCOMM)Wtsi	Peripheral Blood Leukocytes	N6amt2	Hom	MGP_PBI_010_001	CD8+ CD44+ CD62L- alpha beta effector T cell percentage	Whole blood peripheral blood leukocyte immunophenotyping	Male	2	MGI:1915293
tm1a(EUCOMM)Wtsi	Peripheral Blood Leukocytes	N6amt2	Hom	MGP_PBI_011_001	KLRG1+ mature NK cell percentage	Whole blood peripheral blood leukocyte immunophenotyping	Female	2	MGI:1915293
tm1a(EUCOMM)Wtsi	Peripheral Blood Leukocytes	N6amt2	Hom	MGP_PBI_011_001	KLRG1+ mature NK cell percentage	Whole blood peripheral blood leukocyte immunophenotyping	Male	2	MGI:1915293
tm1a(EUCOMM)Wtsi	Peripheral Blood Leukocytes	N6amt2	Hom	MGP_PBI_012_001	CD4+ KLRG1+ alpha beta T cell percentage	Whole blood peripheral blood leukocyte immunophenotyping	Female	2	MGI:1915293
tm1a(EUCOMM)Wtsi	Peripheral Blood Leukocytes	N6amt2	Hom	MGP_PBI_012_001	CD4+ KLRG1+ alpha beta T cell percentage	Whole blood peripheral blood leukocyte immunophenotyping	Male	2	MGI:1915293
tm1a(EUCOMM)Wtsi	Peripheral Blood Leukocytes	N6amt2	Hom	MGP_PBI_013_001	CD8+ KLRG1+ alpha beta T cell percentage	Whole blood peripheral blood leukocyte immunophenotyping	Female	2	MGI:1915293
tm1a(EUCOMM)Wtsi	Peripheral Blood Leukocytes	N6amt2	Hom	MGP_PBI_013_001	CD8+ KLRG1+ alpha beta T cell percentage	Whole blood peripheral blood leukocyte immunophenotyping	Male	2	MGI:1915293
tm1a(EUCOMM)Wtsi	Peripheral Blood Leukocytes	N6amt2	Hom	MGP_PBI_014_001	B cell percentage	Whole blood peripheral blood leukocyte immunophenotyping	Female	2	MGI:1915293
tm1a(EUCOMM)Wtsi	Peripheral Blood Leukocytes	N6amt2	Hom	MGP_PBI_014_001	B cell percentage	Whole blood peripheral blood leukocyte immunophenotyping	Male	2	MGI:1915293
tm1a(EUCOMM)Wtsi	Peripheral Blood Leukocytes	N6amt2	Hom	MGP_PBI_015_001	IgD+ mature B cell percentage	Whole blood peripheral blood leukocyte immunophenotyping	Female	2	MGI:1915293
tm1a(EUCOMM)Wtsi	Peripheral Blood Leukocytes	N6amt2	Hom	MGP_PBI_015_001	IgD+ mature B cell percentage	Whole blood peripheral blood leukocyte immunophenotyping	Male	2	MGI:1915293
tm1a(EUCOMM)Wtsi	Peripheral Blood Leukocytes	N6amt2	Hom	MGP_PBI_016_001	Monocyte percentage	Whole blood peripheral blood leukocyte immunophenotyping	Female	2	MGI:1915293
tm1a(EUCOMM)Wtsi	Peripheral Blood Leukocytes	N6amt2	Hom	MGP_PBI_016_001	Monocyte percentage	Whole blood peripheral blood leukocyte immunophenotyping	Male	2	MGI:1915293
tm1a(EUCOMM)Wtsi	Peripheral Blood Leukocytes	N6amt2	Hom	MGP_PBI_017_001	Ly6Chigh monocyte percentage	Whole blood peripheral blood leukocyte immunophenotyping	Female	2	MGI:1915293
tm1a(EUCOMM)Wtsi	Peripheral Blood Leukocytes	N6amt2	Hom	MGP_PBI_017_001	Ly6Chigh monocyte percentage	Whole blood peripheral blood leukocyte immunophenotyping	Male	2	MGI:1915293
tm1a(EUCOMM)Wtsi	Peripheral Blood Leukocytes	N6amt2	Hom	MGP_PBI_018_001	Ly6Clow monocyte percentage	Whole blood peripheral blood leukocyte immunophenotyping	Female	2	MGI:1915293
tm1a(EUCOMM)Wtsi	Peripheral Blood Leukocytes	N6amt2	Hom	MGP_PBI_018_001	Ly6Clow monocyte percentage	Whole blood peripheral blood leukocyte immunophenotyping	Male	2	MGI:1915293
tm1a(EUCOMM)Wtsi	Peripheral Blood Leukocytes	N6amt2	Hom	MGP_PBI_019_001	Neutrophil percentage	Whole blood peripheral blood leukocyte immunophenotyping	Female	2	MGI:1915293
tm1a(EUCOMM)Wtsi	Peripheral Blood Leukocytes	N6amt2	Hom	MGP_PBI_019_001	Neutrophil percentage	Whole blood peripheral blood leukocyte immunophenotyping	Male	2	MGI:1915293
tm1a(EUCOMM)Wtsi	Peripheral Blood Leukocytes	N6amt2	Hom	MGP_PBI_020_001	Eosinophil percentage	Whole blood peripheral blood leukocyte immunophenotyping	Female	2	MGI:1915293
tm1a(EUCOMM)Wtsi	Peripheral Blood Leukocytes	N6amt2	Hom	MGP_PBI_020_001	Eosinophil percentage	Whole blood peripheral blood leukocyte immunophenotyping	Male	2	MGI:1915293
tm1a(EUCOMM)Wtsi	Peripheral Blood Leukocytes	N6amt2	Hom	MGP_PBI_021_001	Total T cell number	Whole blood peripheral blood leukocyte immunophenotyping	Female	2	MGI:1915293
tm1a(EUCOMM)Wtsi	Peripheral Blood Leukocytes	N6amt2	Hom	MGP_PBI_021_001	Total T cell number	Whole blood peripheral blood leukocyte immunophenotyping	Male	2	MGI:1915293
tm1a(EUCOMM)Wtsi	Peripheral Blood Leukocytes	N6amt2	Hom	MGP_PBI_022_001	Alpha beta T cell number	Whole blood peripheral blood leukocyte immunophenotyping	Female	2	MGI:1915293
tm1a(EUCOMM)Wtsi	Peripheral Blood Leukocytes	N6amt2	Hom	MGP_PBI_022_001	Alpha beta T cell number	Whole blood peripheral blood leukocyte immunophenotyping	Male	2	MGI:1915293
tm1a(EUCOMM)Wtsi	Peripheral Blood Leukocytes	N6amt2	Hom	MGP_PBI_023_001	CD4+ alpha beta T cell number	Whole blood peripheral blood leukocyte immunophenotyping	Female	2	MGI:1915293
tm1a(EUCOMM)Wtsi	Peripheral Blood Leukocytes	N6amt2	Hom	MGP_PBI_023_001	CD4+ alpha beta T cell number	Whole blood peripheral blood leukocyte immunophenotyping	Male	2	MGI:1915293
tm1a(EUCOMM)Wtsi	Peripheral Blood Leukocytes	N6amt2	Hom	MGP_PBI_024_001	CD8+ alpha beta T cell number	Whole blood peripheral blood leukocyte immunophenotyping	Female	2	MGI:1915293
tm1a(EUCOMM)Wtsi	Peripheral Blood Leukocytes	N6amt2	Hom	MGP_PBI_024_001	CD8+ alpha beta T cell number	Whole blood peripheral blood leukocyte immunophenotyping	Male	2	MGI:1915293
tm1a(EUCOMM)Wtsi	Peripheral Blood Leukocytes	N6amt2	Hom	MGP_PBI_025_001	Gamma delta T cell number	Whole blood peripheral blood leukocyte immunophenotyping	Female	2	MGI:1915293
tm1a(EUCOMM)Wtsi	Peripheral Blood Leukocytes	N6amt2	Hom	MGP_PBI_025_001	Gamma delta T cell number	Whole blood peripheral blood leukocyte immunophenotyping	Male	2	MGI:1915293
tm1a(EUCOMM)Wtsi	Peripheral Blood Leukocytes	N6amt2	Hom	MGP_PBI_026_001	NKT cell number	Whole blood peripheral blood leukocyte immunophenotyping	Female	2	MGI:1915293
tm1a(EUCOMM)Wtsi	Peripheral Blood Leukocytes	N6amt2	Hom	MGP_PBI_026_001	NKT cell number	Whole blood peripheral blood leukocyte immunophenotyping	Male	2	MGI:1915293
tm1a(EUCOMM)Wtsi	Peripheral Blood Leukocytes	N6amt2	Hom	MGP_PBI_027_001	NK cell number	Whole blood peripheral blood leukocyte immunophenotyping	Female	2	MGI:1915293
tm1a(EUCOMM)Wtsi	Peripheral Blood Leukocytes	N6amt2	Hom	MGP_PBI_027_001	NK cell number	Whole blood peripheral blood leukocyte immunophenotyping	Male	2	MGI:1915293
tm1a(EUCOMM)Wtsi	Peripheral Blood Leukocytes	N6amt2	Hom	MGP_PBI_028_001	CD4+ CD25+ alpha beta regulatory T cell number	Whole blood peripheral blood leukocyte immunophenotyping	Female	2	MGI:1915293
tm1a(EUCOMM)Wtsi	Peripheral Blood Leukocytes	N6amt2	Hom	MGP_PBI_028_001	CD4+ CD25+ alpha beta regulatory T cell number	Whole blood peripheral blood leukocyte immunophenotyping	Male	2	MGI:1915293
tm1a(EUCOMM)Wtsi	Peripheral Blood Leukocytes	N6amt2	Hom	MGP_PBI_029_001	CD4+ CD44+ CD62L- alpha beta effector T cell number	Whole blood peripheral blood leukocyte immunophenotyping	Female	2	MGI:1915293
tm1a(EUCOMM)Wtsi	Peripheral Blood Leukocytes	N6amt2	Hom	MGP_PBI_029_001	CD4+ CD44+ CD62L- alpha beta effector T cell number	Whole blood peripheral blood leukocyte immunophenotyping	Male	2	MGI:1915293
tm1a(EUCOMM)Wtsi	Peripheral Blood Leukocytes	N6amt2	Hom	MGP_PBI_030_001	CD8+ CD44+ CD62L- alpha beta effector T cell number	Whole blood peripheral blood leukocyte immunophenotyping	Female	2	MGI:1915293
tm1a(EUCOMM)Wtsi	Peripheral Blood Leukocytes	N6amt2	Hom	MGP_PBI_030_001	CD8+ CD44+ CD62L- alpha beta effector T cell number	Whole blood peripheral blood leukocyte immunophenotyping	Male	2	MGI:1915293
tm1a(EUCOMM)Wtsi	Peripheral Blood Leukocytes	N6amt2	Hom	MGP_PBI_031_001	KLRG1+ mature NK cell number	Whole blood peripheral blood leukocyte immunophenotyping	Female	2	MGI:1915293
tm1a(EUCOMM)Wtsi	Peripheral Blood Leukocytes	N6amt2	Hom	MGP_PBI_031_001	KLRG1+ mature NK cell number	Whole blood peripheral blood leukocyte immunophenotyping	Male	2	MGI:1915293
tm1a(EUCOMM)Wtsi	Peripheral Blood Leukocytes	N6amt2	Hom	MGP_PBI_032_001	CD4+ KLRG1+ alpha beta T cell number	Whole blood peripheral blood leukocyte immunophenotyping	Female	2	MGI:1915293
tm1a(EUCOMM)Wtsi	Peripheral Blood Leukocytes	N6amt2	Hom	MGP_PBI_032_001	CD4+ KLRG1+ alpha beta T cell number	Whole blood peripheral blood leukocyte immunophenotyping	Male	2	MGI:1915293
tm1a(EUCOMM)Wtsi	Peripheral Blood Leukocytes	N6amt2	Hom	MGP_PBI_033_001	CD8+ KLRG1+ alpha beta T cell number	Whole blood peripheral blood leukocyte immunophenotyping	Female	2	MGI:1915293
tm1a(EUCOMM)Wtsi	Peripheral Blood Leukocytes	N6amt2	Hom	MGP_PBI_033_001	CD8+ KLRG1+ alpha beta T cell number	Whole blood peripheral blood leukocyte immunophenotyping	Male	2	MGI:1915293
tm1a(EUCOMM)Wtsi	Peripheral Blood Leukocytes	N6amt2	Hom	MGP_PBI_034_001	B cell number	Whole blood peripheral blood leukocyte immunophenotyping	Female	2	MGI:1915293
tm1a(EUCOMM)Wtsi	Peripheral Blood Leukocytes	N6amt2	Hom	MGP_PBI_034_001	B cell number	Whole blood peripheral blood leukocyte immunophenotyping	Male	2	MGI:1915293
tm1a(EUCOMM)Wtsi	Peripheral Blood Leukocytes	N6amt2	Hom	MGP_PBI_035_001	IgD+ mature B cell number	Whole blood peripheral blood leukocyte immunophenotyping	Female	2	MGI:1915293
tm1a(EUCOMM)Wtsi	Peripheral Blood Leukocytes	N6amt2	Hom	MGP_PBI_035_001	IgD+ mature B cell number	Whole blood peripheral blood leukocyte immunophenotyping	Male	2	MGI:1915293
tm1a(EUCOMM)Wtsi	Peripheral Blood Leukocytes	N6amt2	Hom	MGP_PBI_036_001	Monocyte number	Whole blood peripheral blood leukocyte immunophenotyping	Female	2	MGI:1915293
tm1a(EUCOMM)Wtsi	Peripheral Blood Leukocytes	N6amt2	Hom	MGP_PBI_036_001	Monocyte number	Whole blood peripheral blood leukocyte immunophenotyping	Male	2	MGI:1915293
tm1a(EUCOMM)Wtsi	Peripheral Blood Leukocytes	N6amt2	Hom	MGP_PBI_037_001	Ly6Chigh monocyte number	Whole blood peripheral blood leukocyte immunophenotyping	Female	2	MGI:1915293
tm1a(EUCOMM)Wtsi	Peripheral Blood Leukocytes	N6amt2	Hom	MGP_PBI_037_001	Ly6Chigh monocyte number	Whole blood peripheral blood leukocyte immunophenotyping	Male	2	MGI:1915293
tm1a(EUCOMM)Wtsi	Peripheral Blood Leukocytes	N6amt2	Hom	MGP_PBI_038_001	Ly6Clow monocyte number	Whole blood peripheral blood leukocyte immunophenotyping	Female	2	MGI:1915293
tm1a(EUCOMM)Wtsi	Peripheral Blood Leukocytes	N6amt2	Hom	MGP_PBI_038_001	Ly6Clow monocyte number	Whole blood peripheral blood leukocyte immunophenotyping	Male	2	MGI:1915293
tm1a(EUCOMM)Wtsi	Peripheral Blood Leukocytes	N6amt2	Hom	MGP_PBI_039_001	Neutrophil number	Whole blood peripheral blood leukocyte immunophenotyping	Female	2	MGI:1915293
tm1a(EUCOMM)Wtsi	Peripheral Blood Leukocytes	N6amt2	Hom	MGP_PBI_039_001	Neutrophil number	Whole blood peripheral blood leukocyte immunophenotyping	Male	2	MGI:1915293
tm1a(EUCOMM)Wtsi	Peripheral Blood Leukocytes	N6amt2	Hom	MGP_PBI_040_001	Eosinophil number	Whole blood peripheral blood leukocyte immunophenotyping	Female	2	MGI:1915293
tm1a(EUCOMM)Wtsi	Peripheral Blood Leukocytes	N6amt2	Hom	MGP_PBI_040_001	Eosinophil number	Whole blood peripheral blood leukocyte immunophenotyping	Male	2	MGI:1915293
tm1a(EUCOMM)Wtsi	Anti-nuclear Antibodies	N6amt2	Hom	MGP_ANA_001_001	ANA score	Anti-nuclear antibody assay	Female	2	MGI:1915293
tm1a(EUCOMM)Wtsi	Anti-nuclear Antibodies	N6amt2	Hom	MGP_ANA_002_001	ANA classification	Anti-nuclear antibody assay	Female	2	MGI:1915293
tm1a(EUCOMM)Wtsi	Anti-nuclear Antibodies	N6amt2	Hom	MGP_ANA_001_001	ANA score	Anti-nuclear antibody assay	Male	2	MGI:1915293
tm1a(EUCOMM)Wtsi	Anti-nuclear Antibodies	N6amt2	Hom	MGP_ANA_002_001	ANA classification	Anti-nuclear antibody assay	Male	2	MGI:1915293
tm1a(EUCOMM)Wtsi	Ear Epidermis	N6amt2	Hom	MGP_EEI_028_001	Average branch length of LC	Ear epidermis immunophenotyping	Male	2	MGI:1915293
tm1a(EUCOMM)Wtsi	Ear Epidermis	N6amt2	Hom	MGP_EEI_028_001	Average branch length of LC	Ear epidermis immunophenotyping	Female	2	MGI:1915293
tm1a(EUCOMM)Wtsi	Ear Epidermis	N6amt2	Hom	MGP_EEI_028_001	Average branch length of LC	Ear epidermis immunophenotyping	Male	2	MGI:1915293
tm1a(EUCOMM)Wtsi	Ear Epidermis	N6amt2	Hom	MGP_EEI_028_001	Average branch length of LC	Ear epidermis immunophenotyping	Female	2	MGI:1915293
tm1a(EUCOMM)Wtsi	Ear Epidermis	N6amt2	Hom	MGP_EEI_024_001	Average no of branches on LC	Ear epidermis immunophenotyping	Male	2	MGI:1915293
tm1a(EUCOMM)Wtsi	Ear Epidermis	N6amt2	Hom	MGP_EEI_024_001	Average no of branches on LC	Ear epidermis immunophenotyping	Female	2	MGI:1915293
tm1a(EUCOMM)Wtsi	Ear Epidermis	N6amt2	Hom	MGP_EEI_024_001	Average no of branches on LC	Ear epidermis immunophenotyping	Male	2	MGI:1915293
tm1a(EUCOMM)Wtsi	Ear Epidermis	N6amt2	Hom	MGP_EEI_024_001	Average no of branches on LC	Ear epidermis immunophenotyping	Female	2	MGI:1915293
tm1a(EUCOMM)Wtsi	Ear Epidermis	N6amt2	Hom	MGP_EEI_020_001	Average roundness of LC	Ear epidermis immunophenotyping	Male	2	MGI:1915293
tm1a(EUCOMM)Wtsi	Ear Epidermis	N6amt2	Hom	MGP_EEI_020_001	Average roundness of LC	Ear epidermis immunophenotyping	Female	2	MGI:1915293
tm1a(EUCOMM)Wtsi	Ear Epidermis	N6amt2	Hom	MGP_EEI_020_001	Average roundness of LC	Ear epidermis immunophenotyping	Male	2	MGI:1915293
tm1a(EUCOMM)Wtsi	Ear Epidermis	N6amt2	Hom	MGP_EEI_020_001	Average roundness of LC	Ear epidermis immunophenotyping	Female	2	MGI:1915293
tm1a(EUCOMM)Wtsi	Ear Epidermis	N6amt2	Hom	MGP_EEI_015_001	Average volume of LC	Ear epidermis immunophenotyping	Male	2	MGI:1915293
tm1a(EUCOMM)Wtsi	Ear Epidermis	N6amt2	Hom	MGP_EEI_015_001	Average volume of LC	Ear epidermis immunophenotyping	Female	2	MGI:1915293
tm1a(EUCOMM)Wtsi	Ear Epidermis	N6amt2	Hom	MGP_EEI_015_001	Average volume of LC	Ear epidermis immunophenotyping	Male	2	MGI:1915293
tm1a(EUCOMM)Wtsi	Ear Epidermis	N6amt2	Hom	MGP_EEI_015_001	Average volume of LC	Ear epidermis immunophenotyping	Female	2	MGI:1915293
tm1a(EUCOMM)Wtsi	Ear Epidermis	N6amt2	Hom	MGP_EEI_007_001	Langerhans cell (LC) count	Ear epidermis immunophenotyping	Male	2	MGI:1915293
tm1a(EUCOMM)Wtsi	Ear Epidermis	N6amt2	Hom	MGP_EEI_007_001	Langerhans cell (LC) count	Ear epidermis immunophenotyping	Female	2	MGI:1915293
tm1a(EUCOMM)Wtsi	Ear Epidermis	N6amt2	Hom	MGP_EEI_007_001	Langerhans cell (LC) count	Ear epidermis immunophenotyping	Male	2	MGI:1915293
tm1a(EUCOMM)Wtsi	Ear Epidermis	N6amt2	Hom	MGP_EEI_007_001	Langerhans cell (LC) count	Ear epidermis immunophenotyping	Female	2	MGI:1915293
